1     	0.000000000
2     	0.000054000
3     	0.000018000
4     	0.000015000
5     	0.000014000
6     	0.006390000
7     	0.005189000
8     	0.010789000
9     	0.009872000
10    	0.010000000
11    	0.010000000
12    	0.010315000
13    	0.010277000
14    	0.010242000
15    	0.010387000
16    	0.010311000
17    	0.009106000
18    	0.010427000
19    	0.010275000
20    	0.010482000
21    	0.009480000
22    	0.010466000
23    	0.010632000
24    	0.009260000
25    	0.010443000
26    	0.010576000
27    	0.009361000
28    	0.010395000
29    	0.010437000
30    	0.009287000
31    	0.010592000
32    	0.010571000
33    	0.009301000
34    	0.010605000
35    	0.010604000
36    	0.009386000
37    	0.010530000
38    	0.009455000
39    	0.010468000
40    	0.010478000
41    	0.010535000
42    	0.009374000
43    	0.010656000
44    	0.009422000
45    	0.010317000
46    	0.010424000
47    	0.010406000
48    	0.010228000
49    	0.009221000
50    	0.010598000
51    	0.010600000
52    	0.009302000
53    	0.010560000
54    	0.010455000
55    	0.010523000
56    	0.009285000
57    	0.010453000
58    	0.010459000
59    	0.009430000
60    	0.010480000
61    	0.010429000
62    	0.010434000
63    	0.009188000
64    	0.010830000
65    	0.009641000
66    	0.009731000
67    	0.010019000
68    	0.010053000
69    	0.011136000
70    	0.010058000
71    	0.010077000
72    	0.010140000
73    	0.010163000
74    	0.010016000
75    	0.009881000
76    	0.010231000
77    	0.009333000
78    	0.010354000
79    	0.010217000
80    	0.010570000
81    	0.010348000
82    	0.009348000
83    	0.010615000
84    	0.010506000
85    	0.009213000
86    	0.010206000
87    	0.010544000
88    	0.009573000
89    	0.010440000
90    	0.010565000
91    	0.010440000
92    	0.009287000
93    	0.010473000
94    	0.010445000
95    	0.009319000
96    	0.010383000
97    	0.010518000
98    	0.010525000
99    	0.009490000
100   	0.010707000
101   	0.009335000
102   	0.010481000
103   	0.010718000
104   	0.009540000
105   	0.010507000
106   	0.010517000
107   	0.009205000
108   	0.010588000
109   	0.010538000
110   	0.009345000
111   	0.010404000
112   	0.010732000
113   	0.009311000
114   	0.010520000
115   	0.010486000
116   	0.009504000
117   	0.010683000
118   	0.010407000
119   	0.009830000
120   	0.009745000
121   	0.009959000
122   	0.010803000
123   	0.009970000
124   	0.009794000
125   	0.009776000
126   	0.009997000
127   	0.010122000
128   	0.010273000
129   	0.010389000
130   	0.010234000
131   	0.010471000
132   	0.010219000
133   	0.009334000
134   	0.010431000
135   	0.010536000
136   	0.009359000
137   	0.010450000
138   	0.010474000
139   	0.009351000
140   	0.010598000
141   	0.010499000
142   	0.009361000
143   	0.010509000
144   	0.010434000
145   	0.010377000
146   	0.009403000
147   	0.010572000
148   	0.010472000
149   	0.010491000
150   	0.009116000
151   	0.010961000
152   	0.010044000
153   	0.009988000
154   	0.010091000
155   	0.010190000
156   	0.009130000
157   	0.011170000
158   	0.009148000
159   	0.010408000
160   	0.010127000
161   	0.010294000
162   	0.010388000
163   	0.010267000
164   	0.010012000
165   	0.009913000
166   	0.010433000
167   	0.009261000
168   	0.010213000
169   	0.010264000
170   	0.010219000
171   	0.010360000
172   	0.010108000
173   	0.010271000
174   	0.010334000
175   	0.009210000
176   	0.010553000
177   	0.010599000
178   	0.010021000
179   	0.010284000
180   	0.009079000
181   	0.010110000
182   	0.010278000
183   	0.010172000
184   	0.010172000
185   	0.010322000
186   	0.010439000
187   	0.009446000
188   	0.010070000
189   	0.011042000
190   	0.009962000
191   	0.010065000
192   	0.010137000
193   	0.010213000
194   	0.009970000
195   	0.009980000
196   	0.010079000
197   	0.010163000
198   	0.009847000
199   	0.010201000
200   	0.010364000
201   	0.010303000
202   	0.009247000
203   	0.010370000
204   	0.010619000
205   	0.010236000
206   	0.010171000
207   	0.009217000
208   	0.010097000
209   	0.010115000
210   	0.010323000
211   	0.010222000
212   	0.010294000
213   	0.010204000
214   	0.010268000
215   	0.010381000
216   	0.009218000
217   	0.010521000
218   	0.010133000
219   	0.010420000
220   	0.009415000
221   	0.010581000
222   	0.010662000
223   	0.009234000
224   	0.010434000
225   	0.010374000
226   	0.010579000
227   	0.009051000
228   	0.010130000
229   	0.010473000
230   	0.010567000
231   	0.010133000
232   	0.010217000
233   	0.010364000
234   	0.009182000
235   	0.010370000
236   	0.010164000
237   	0.010131000
238   	0.010053000
239   	0.009853000
240   	0.010009000
241   	0.011160000
242   	0.009220000
243   	0.010246000
244   	0.010435000
245   	0.010614000
246   	0.009445000
247   	0.010565000
248   	0.009375000
249   	0.010397000
250   	0.010418000
251   	0.010522000
252   	0.009364000
253   	0.010641000
254   	0.010288000
255   	0.010437000
256   	0.009228000
257   	0.010278000
258   	0.010239000
259   	0.010392000
260   	0.010612000
261   	0.009501000
262   	0.010624000
263   	0.009517000
264   	0.010649000
265   	0.009426000
266   	0.010643000
267   	0.010658000
268   	0.009493000
269   	0.010650000
270   	0.009446000
271   	0.010619000
272   	0.010620000
273   	0.009383000
274   	0.010598000
275   	0.009555000
276   	0.010358000
277   	0.010177000
278   	0.010287000
279   	0.010420000
280   	0.010528000
281   	0.009294000
282   	0.010375000
283   	0.010579000
284   	0.009281000
285   	0.010353000
286   	0.010605000
287   	0.009292000
288   	0.010364000
289   	0.010430000
290   	0.010231000
291   	0.010280000
292   	0.010479000
293   	0.009466000
294   	0.010486000
295   	0.009459000
296   	0.010668000
297   	0.010706000
298   	0.009487000
299   	0.010678000
300   	0.009304000
301   	0.010597000
302   	0.010497000
303   	0.009349000
304   	0.010639000
305   	0.010666000
306   	0.009490000
307   	0.010661000
308   	0.009454000
309   	0.010638000
310   	0.010544000
311   	0.009478000
312   	0.010642000
313   	0.010066000
314   	0.009817000
315   	0.009746000
316   	0.010873000
317   	0.009711000
318   	0.009658000
319   	0.010062000
320   	0.011128000
321   	0.009058000
322   	0.010139000
323   	0.010312000
324   	0.010272000
325   	0.010142000
326   	0.010286000
327   	0.010117000
328   	0.010142000
329   	0.010218000
330   	0.010227000
331   	0.010454000
332   	0.009436000
333   	0.010668000
334   	0.009522000
335   	0.010689000
336   	0.009414000
337   	0.010650000
338   	0.010672000
339   	0.009522000
340   	0.010157000
341   	0.010056000
342   	0.010018000
343   	0.009838000
344   	0.010902000
345   	0.009857000
346   	0.009843000
347   	0.009865000
348   	0.009917000
349   	0.010959000
350   	0.009912000
351   	0.010128000
352   	0.010102000
353   	0.010188000
354   	0.010096000
355   	0.010104000
356   	0.010234000
357   	0.010228000
358   	0.010109000
359   	0.010209000
360   	0.009196000
361   	0.010397000
362   	0.010601000
363   	0.009295000
364   	0.010415000
365   	0.010401000
366   	0.010536000
367   	0.009346000
368   	0.010659000
369   	0.010709000
370   	0.009340000
371   	0.010731000
372   	0.009500000
373   	0.010679000
374   	0.009474000
375   	0.010639000
376   	0.010656000
377   	0.009370000
378   	0.010388000
379   	0.010575000
380   	0.009407000
381   	0.010528000
382   	0.010581000
383   	0.009453000
384   	0.010600000
385   	0.009417000
386   	0.010606000
387   	0.010723000
388   	0.009505000
389   	0.010528000
390   	0.009337000
391   	0.010290000
392   	0.010071000
393   	0.010323000
394   	0.010251000
395   	0.010356000
396   	0.010066000
397   	0.010151000
398   	0.009298000
399   	0.011082000
400   	0.009281000
401   	0.010435000
402   	0.010232000
403   	0.010457000
404   	0.009361000
405   	0.010592000
406   	0.010643000
407   	0.009322000
408   	0.010599000
409   	0.010455000
410   	0.009348000
411   	0.010651000
412   	0.010619000
413   	0.009496000
414   	0.010576000
415   	0.009378000
416   	0.010225000
417   	0.010313000
418   	0.010268000
419   	0.010198000
420   	0.010298000
421   	0.010624000
422   	0.009091000
423   	0.010615000
424   	0.010383000
425   	0.010415000
426   	0.009308000
427   	0.010311000
428   	0.010380000
429   	0.010445000
430   	0.009145000
431   	0.010156000
432   	0.010144000
433   	0.010425000
434   	0.010217000
435   	0.010282000
436   	0.010352000
437   	0.010285000
438   	0.009296000
439   	0.010334000
440   	0.010239000
441   	0.009948000
442   	0.009922000
443   	0.011019000
444   	0.010086000
445   	0.009900000
446   	0.010054000
447   	0.009991000
448   	0.010178000
449   	0.009822000
450   	0.010004000
451   	0.010298000
452   	0.010285000
453   	0.010288000
454   	0.010125000
455   	0.010134000
456   	0.010165000
457   	0.009194000
458   	0.010285000
459   	0.010534000
460   	0.010340000
461   	0.010477000
462   	0.009155000
463   	0.010149000
464   	0.010547000
465   	0.010480000
466   	0.009395000
467   	0.010527000
468   	0.010662000
469   	0.009381000
470   	0.010515000
471   	0.010347000
472   	0.010530000
473   	0.009494000
474   	0.010479000
475   	0.010334000
476   	0.009389000
477   	0.010306000
478   	0.010319000
479   	0.010176000
480   	0.010309000
481   	0.009321000
482   	0.010552000
483   	0.010496000
484   	0.009215000
485   	0.010329000
486   	0.010526000
487   	0.010443000
488   	0.009376000
489   	0.010514000
490   	0.010405000
491   	0.009290000
492   	0.010084000
493   	0.010040000
494   	0.010229000
495   	0.009817000
496   	0.011111000
497   	0.010315000
498   	0.009082000
499   	0.010305000
500   	0.010377000
501   	0.010213000
502   	0.010332000
503   	0.010402000
504   	0.009475000
505   	0.010623000
506   	0.009522000
507   	0.010651000
508   	0.010766000
509   	0.009433000
510   	0.010464000
511   	0.009326000
512   	0.010483000
513   	0.010540000
514   	0.010594000
515   	0.009395000
516   	0.010512000
517   	0.010434000
518   	0.009414000
519   	0.010640000
520   	0.009299000
521   	0.010408000
522   	0.010601000
523   	0.009387000
524   	0.010522000
525   	0.010450000
526   	0.009482000
527   	0.010656000
528   	0.010633000
529   	0.009397000
530   	0.010579000
531   	0.009518000
532   	0.010645000
533   	0.010656000
534   	0.009464000
535   	0.010681000
536   	0.009497000
537   	0.010612000
538   	0.009574000
539   	0.010341000
540   	0.010136000
541   	0.010340000
542   	0.010063000
543   	0.010208000
544   	0.010137000
545   	0.010452000
546   	0.009440000
547   	0.010525000
548   	0.010505000
549   	0.010341000
550   	0.009371000
551   	0.010575000
552   	0.010632000
553   	0.009459000
554   	0.010643000
555   	0.009457000
556   	0.010614000
557   	0.010594000
558   	0.009408000
559   	0.010643000
560   	0.010548000
561   	0.009362000
562   	0.010566000
563   	0.010560000
564   	0.009374000
565   	0.010503000
566   	0.010516000
567   	0.009364000
568   	0.010438000
569   	0.010484000
570   	0.009441000
571   	0.010540000
572   	0.010621000
573   	0.009371000
574   	0.010534000
575   	0.010662000
576   	0.009501000
577   	0.010537000
578   	0.010557000
579   	0.009345000
580   	0.010627000
581   	0.010530000
582   	0.009514000
583   	0.010661000
584   	0.009458000
585   	0.010665000
586   	0.009454000
587   	0.010650000
588   	0.010690000
589   	0.009498000
590   	0.010668000
591   	0.009527000
592   	0.010565000
593   	0.010415000
594   	0.009370000
595   	0.010512000
596   	0.010639000
597   	0.009486000
598   	0.010512000
599   	0.009552000
600   	0.010598000
601   	0.010680000
602   	0.009482000
603   	0.010645000
604   	0.009442000
605   	0.010578000
606   	0.010564000
607   	0.009429000
608   	0.010604000
609   	0.010597000
610   	0.009492000
611   	0.010653000
612   	0.009427000
613   	0.010642000
614   	0.010660000
615   	0.009492000
616   	0.010653000
617   	0.009366000
618   	0.010951000
619   	0.010028000
620   	0.009784000
621   	0.009668000
622   	0.010710000
623   	0.009648000
624   	0.009643000
625   	0.010717000
626   	0.009668000
627   	0.009670000
628   	0.011044000
629   	0.010202000
630   	0.010175000
631   	0.010165000
632   	0.009081000
633   	0.010227000
634   	0.010291000
635   	0.010294000
636   	0.010285000
637   	0.010271000
638   	0.010286000
639   	0.010286000
640   	0.009113000
641   	0.010179000
642   	0.010150000
643   	0.011082000
644   	0.009983000
645   	0.009138000
646   	0.010265000
647   	0.010248000
648   	0.010123000
649   	0.010322000
650   	0.010414000
651   	0.010555000
652   	0.009428000
653   	0.010597000
654   	0.009495000
655   	0.010577000
656   	0.010585000
657   	0.009401000
658   	0.010679000
659   	0.010652000
660   	0.009452000
661   	0.010628000
662   	0.009422000
663   	0.010591000
664   	0.010611000
665   	0.009488000
666   	0.010638000
667   	0.009441000
668   	0.010626000
669   	0.010556000
670   	0.009442000
671   	0.010603000
672   	0.010586000
673   	0.009452000
674   	0.010653000
675   	0.009454000
676   	0.010587000
677   	0.010650000
678   	0.009490000
679   	0.010652000
680   	0.009459000
681   	0.010641000
682   	0.010579000
683   	0.009490000
684   	0.010685000
685   	0.009454000
686   	0.010636000
687   	0.010618000
688   	0.009463000
689   	0.010651000
690   	0.009456000
691   	0.010666000
692   	0.010682000
693   	0.009315000
694   	0.010099000
695   	0.010113000
696   	0.010135000
697   	0.010102000
698   	0.010277000
699   	0.010424000
700   	0.010423000
701   	0.009265000
702   	0.010437000
703   	0.010438000
704   	0.010439000
705   	0.009310000
706   	0.010508000
707   	0.010526000
708   	0.010578000
709   	0.009411000
710   	0.010573000
711   	0.009389000
712   	0.010586000
713   	0.010657000
714   	0.009444000
715   	0.010700000
716   	0.010567000
717   	0.009545000
718   	0.010622000
719   	0.009503000
720   	0.010699000
721   	0.009402000
722   	0.010715000
723   	0.010727000
724   	0.009512000
725   	0.010702000
726   	0.009566000
727   	0.010694000
728   	0.009387000
729   	0.010592000
730   	0.009437000
731   	0.010655000
732   	0.010666000
733   	0.009499000
734   	0.010664000
735   	0.009501000
736   	0.010638000
737   	0.009511000
738   	0.010641000
739   	0.010666000
740   	0.009475000
741   	0.010637000
742   	0.009466000
743   	0.010603000
744   	0.010517000
745   	0.009190000
746   	0.010166000
747   	0.010284000
748   	0.010375000
749   	0.010415000
750   	0.009225000
751   	0.010428000
752   	0.010440000
753   	0.010428000
754   	0.009303000
755   	0.010469000
756   	0.010583000
757   	0.009431000
758   	0.010546000
759   	0.010547000
760   	0.009415000
761   	0.010553000
762   	0.010602000
763   	0.009340000
764   	0.010487000
765   	0.010587000
766   	0.009492000
767   	0.010660000
768   	0.010684000
769   	0.009436000
770   	0.010586000
771   	0.009437000
772   	0.010671000
773   	0.010619000
774   	0.009513000
775   	0.010712000
776   	0.009498000
777   	0.010647000
778   	0.009439000
779   	0.010645000
780   	0.010661000
781   	0.009530000
782   	0.010652000
783   	0.009436000
784   	0.010643000
785   	0.009551000
786   	0.010650000
787   	0.010660000
788   	0.009491000
789   	0.010657000
790   	0.009469000
791   	0.010654000
792   	0.009549000
793   	0.010651000
794   	0.010460000
795   	0.009982000
796   	0.010075000
797   	0.010126000
798   	0.010218000
799   	0.010244000
800   	0.010229000
801   	0.009094000
802   	0.010198000
803   	0.010224000
804   	0.010313000
805   	0.010350000
806   	0.010458000
807   	0.010536000
808   	0.009395000
809   	0.010619000
810   	0.009402000
811   	0.010603000
812   	0.010616000
813   	0.009440000
814   	0.010601000
815   	0.010622000
816   	0.009477000
817   	0.010619000
818   	0.009421000
819   	0.010626000
820   	0.010654000
821   	0.009523000
822   	0.010692000
823   	0.009515000
824   	0.010661000
825   	0.009482000
826   	0.010609000
827   	0.010650000
828   	0.009474000
829   	0.010651000
830   	0.009520000
831   	0.010629000
832   	0.010648000
833   	0.009481000
834   	0.010653000
835   	0.009458000
836   	0.010520000
837   	0.010613000
838   	0.009463000
839   	0.010404000
840   	0.010223000
841   	0.010305000
842   	0.010388000
843   	0.009394000
844   	0.010355000
845   	0.009952000
846   	0.010102000
847   	0.010167000
848   	0.010222000
849   	0.010311000
850   	0.010270000
851   	0.010253000
852   	0.009983000
853   	0.010120000
854   	0.010229000
855   	0.010248000
856   	0.009190000
857   	0.010482000
858   	0.010426000
859   	0.009423000
860   	0.010518000
861   	0.010466000
862   	0.010506000
863   	0.009373000
864   	0.010394000
865   	0.010455000
866   	0.009382000
867   	0.010581000
868   	0.010658000
869   	0.009516000
870   	0.010699000
871   	0.009483000
872   	0.010688000
873   	0.010643000
874   	0.009504000
875   	0.010677000
876   	0.009503000
877   	0.010640000
878   	0.009478000
879   	0.010656000
880   	0.010664000
881   	0.009546000
882   	0.010664000
883   	0.009426000
884   	0.010619000
885   	0.010602000
886   	0.009505000
887   	0.010673000
888   	0.009544000
889   	0.010668000
890   	0.009470000
891   	0.010665000
892   	0.010678000
893   	0.009308000
894   	0.010305000
895   	0.010526000
896   	0.009323000
897   	0.010561000
898   	0.010378000
899   	0.010198000
900   	0.010233000
901   	0.009126000
902   	0.010466000
903   	0.010569000
904   	0.009451000
905   	0.010627000
906   	0.010633000
907   	0.009464000
908   	0.010628000
909   	0.010473000
910   	0.009467000
911   	0.010620000
912   	0.009469000
913   	0.010589000
914   	0.010650000
915   	0.009465000
916   	0.010604000
917   	0.010665000
918   	0.009483000
919   	0.010576000
920   	0.009440000
921   	0.010592000
922   	0.010639000
923   	0.009490000
924   	0.010631000
925   	0.009457000
926   	0.010657000
927   	0.009523000
928   	0.010635000
929   	0.010692000
930   	0.009515000
931   	0.010656000
932   	0.009454000
933   	0.010568000
934   	0.010629000
935   	0.009481000
936   	0.010655000
937   	0.009465000
938   	0.010642000
939   	0.010637000
940   	0.009434000
941   	0.010601000
942   	0.009428000
943   	0.010045000
944   	0.010257000
945   	0.010469000
946   	0.010574000
947   	0.009285000
948   	0.010505000
949   	0.010377000
950   	0.010507000
951   	0.009223000
952   	0.010615000
953   	0.010640000
954   	0.009437000
955   	0.010630000
956   	0.009417000
957   	0.010632000
958   	0.010626000
959   	0.009432000
960   	0.010649000
961   	0.010622000
962   	0.009479000
963   	0.010622000
964   	0.009465000
965   	0.010639000
966   	0.009527000
967   	0.010670000
968   	0.010641000
969   	0.009515000
970   	0.010610000
971   	0.009451000
972   	0.010608000
973   	0.010651000
974   	0.009431000
975   	0.010557000
976   	0.010583000
977   	0.009488000
978   	0.010605000
979   	0.009463000
980   	0.010646000
981   	0.010633000
982   	0.009457000
983   	0.010642000
984   	0.009438000
985   	0.010620000
986   	0.010635000
987   	0.009449000
988   	0.010643000
989   	0.009443000
990   	0.010646000
991   	0.010642000
992   	0.009033000
993   	0.010577000
994   	0.010588000
995   	0.009424000
996   	0.010644000
997   	0.010654000
998   	0.009493000
999   	0.010294000
1000  	0.009945000
