1556881646.588952000	0.000000000
1556881646.598202000	0.009250000
1556881646.608718000	0.010516000
1556881646.618701000	0.009983000
1556881646.623859000	0.005158000
1556881646.638728000	0.014869000
1556881646.648716000	0.009988000
1556881646.653898000	0.005182000
1556881646.668837000	0.014939000
1556881646.678770000	0.009933000
1556881646.683959000	0.005189000
1556881646.698781000	0.014822000
1556881646.708856000	0.010075000
1556881646.718860000	0.010004000
1556881646.724044000	0.005184000
1556881646.738864000	0.014820000
1556881646.748844000	0.009980000
1556881646.754000000	0.005156000
1556881646.768880000	0.014880000
1556881646.779918000	0.011038000
1556881646.789925000	0.010007000
1556881646.799931000	0.010006000
1556881646.809939000	0.010008000
1556881646.819954000	0.010015000
1556881646.829959000	0.010005000
1556881646.839981000	0.010022000
1556881646.849995000	0.010014000
1556881646.860007000	0.010012000
1556881646.869992000	0.009985000
1556881646.880002000	0.010010000
1556881646.890019000	0.010017000
1556881646.900038000	0.010019000
1556881646.910011000	0.009973000
1556881646.920028000	0.010017000
1556881646.931143000	0.011115000
1556881646.941150000	0.010007000
1556881646.951166000	0.010016000
1556881646.961239000	0.010073000
1556881646.971231000	0.009992000
1556881646.981287000	0.010056000
1556881646.991339000	0.010052000
1556881647.001408000	0.010069000
1556881647.011421000	0.010013000
1556881647.021450000	0.010029000
1556881647.031419000	0.009969000
1556881647.041437000	0.010018000
1556881647.052616000	0.011179000
1556881647.061629000	0.009013000
1556881647.072578000	0.010949000
1556881647.082781000	0.010203000
1556881647.092815000	0.010034000
1556881647.102794000	0.009979000
1556881647.112786000	0.009992000
1556881647.122903000	0.010117000
1556881647.132994000	0.010091000
1556881647.142987000	0.009993000
1556881647.153050000	0.010063000
1556881647.163117000	0.010067000
1556881647.173152000	0.010035000
1556881647.183244000	0.010092000
1556881647.193258000	0.010014000
1556881647.204269000	0.011011000
1556881647.214338000	0.010069000
1556881647.224575000	0.010237000
1556881647.234566000	0.009991000
1556881647.244615000	0.010049000
1556881647.254662000	0.010047000
1556881647.264687000	0.010025000
1556881647.274834000	0.010147000
1556881647.284872000	0.010038000
1556881647.294886000	0.010014000
1556881647.304932000	0.010046000
1556881647.314966000	0.010034000
1556881647.324977000	0.010011000
1556881647.335131000	0.010154000
1556881647.345116000	0.009985000
1556881647.355156000	0.010040000
1556881647.365267000	0.010111000
1556881647.376435000	0.011168000
1556881647.385560000	0.009125000
1556881647.396629000	0.011069000
1556881647.405811000	0.009182000
1556881647.416299000	0.010488000
1556881647.426832000	0.010533000
1556881647.437456000	0.010624000
1556881647.446917000	0.009461000
1556881647.457423000	0.010506000
1556881647.467867000	0.010444000
1556881647.477337000	0.009470000
1556881647.487924000	0.010587000
1556881647.498556000	0.010632000
1556881647.507987000	0.009431000
1556881647.518490000	0.010503000
1556881647.528003000	0.009513000
1556881647.538741000	0.010738000
1556881647.549263000	0.010522000
1556881647.558455000	0.009192000
1556881647.568559000	0.010104000
1556881647.578667000	0.010108000
1556881647.588766000	0.010099000
1556881647.598805000	0.010039000
1556881647.609702000	0.010897000
1556881647.619797000	0.010095000
1556881647.630113000	0.010316000
1556881647.639305000	0.009192000
1556881647.649656000	0.010351000
1556881647.659876000	0.010220000
1556881647.670320000	0.010444000
1556881647.680811000	0.010491000
1556881647.690079000	0.009268000
1556881647.700718000	0.010639000
1556881647.710661000	0.009943000
1556881647.721500000	0.010839000
1556881647.731196000	0.009696000
1556881647.741163000	0.009967000
1556881647.751171000	0.010008000
1556881647.761253000	0.010082000
1556881647.771140000	0.009887000
1556881647.781283000	0.010143000
1556881647.791456000	0.010173000
1556881647.801773000	0.010317000
1556881647.812114000	0.010341000
1556881647.822561000	0.010447000
1556881647.831862000	0.009301000
1556881647.842458000	0.010596000
1556881647.853032000	0.010574000
1556881647.862428000	0.009396000
1556881647.872861000	0.010433000
1556881647.883515000	0.010654000
1556881647.892925000	0.009410000
1556881647.903496000	0.010571000
1556881647.914057000	0.010561000
1556881647.923494000	0.009437000
1556881647.934114000	0.010620000
1556881647.943538000	0.009424000
1556881647.954632000	0.011094000
1556881647.963965000	0.009333000
1556881647.974465000	0.010500000
1556881647.984964000	0.010499000
1556881647.994273000	0.009309000
1556881648.004783000	0.010510000
1556881648.015298000	0.010515000
1556881648.024639000	0.009341000
1556881648.035123000	0.010484000
1556881648.045664000	0.010541000
1556881648.055098000	0.009434000
1556881648.065848000	0.010750000
1556881648.076573000	0.010725000
1556881648.086058000	0.009485000
1556881648.096741000	0.010683000
1556881648.106158000	0.009417000
1556881648.116826000	0.010668000
1556881648.126346000	0.009520000
1556881648.137046000	0.010700000
1556881648.147778000	0.010732000
1556881648.157361000	0.009583000
1556881648.168044000	0.010683000
1556881648.177487000	0.009443000
1556881648.188211000	0.010724000
1556881648.197694000	0.009483000
1556881648.208300000	0.010606000
1556881648.218774000	0.010474000
1556881648.228537000	0.009763000
1556881648.238213000	0.009676000
1556881648.248293000	0.010080000
1556881648.258426000	0.010133000
1556881648.268506000	0.010080000
1556881648.278469000	0.009963000
1556881648.289428000	0.010959000
1556881648.298573000	0.009145000
1556881648.308716000	0.010143000
1556881648.319735000	0.011019000
1556881648.329890000	0.010155000
1556881648.340061000	0.010171000
1556881648.349206000	0.009145000
1556881648.359453000	0.010247000
1556881648.369741000	0.010288000
1556881648.380197000	0.010456000
1556881648.390818000	0.010621000
1556881648.400195000	0.009377000
1556881648.410730000	0.010535000
1556881648.421345000	0.010615000
1556881648.430776000	0.009431000
1556881648.441399000	0.010623000
1556881648.450810000	0.009411000
1556881648.461777000	0.010967000
1556881648.472137000	0.010360000
1556881648.481476000	0.009339000
1556881648.491980000	0.010504000
1556881648.502593000	0.010613000
1556881648.512058000	0.009465000
1556881648.522474000	0.010416000
1556881648.533006000	0.010532000
1556881648.542508000	0.009502000
1556881648.553126000	0.010618000
1556881648.563716000	0.010590000
1556881648.573145000	0.009429000
1556881648.583707000	0.010562000
1556881648.593226000	0.009519000
1556881648.603977000	0.010751000
1556881648.614568000	0.010591000
1556881648.623999000	0.009431000
1556881648.634523000	0.010524000
1556881648.645055000	0.010532000
1556881648.654440000	0.009385000
1556881648.665039000	0.010599000
1556881648.674499000	0.009460000
1556881648.685505000	0.011006000
1556881648.694706000	0.009201000
1556881648.705115000	0.010409000
1556881648.715611000	0.010496000
1556881648.726244000	0.010633000
1556881648.736184000	0.009940000
1556881648.745896000	0.009712000
1556881648.755839000	0.009943000
1556881648.766026000	0.010187000
1556881648.776279000	0.010253000
1556881648.786584000	0.010305000
1556881648.796870000	0.010286000
1556881648.806965000	0.010095000
1556881648.816805000	0.009840000
1556881648.826778000	0.009973000
1556881648.836776000	0.009998000
1556881648.846800000	0.010024000
1556881648.856793000	0.009993000
1556881648.866763000	0.009970000
1556881648.876786000	0.010023000
1556881648.886829000	0.010043000
1556881648.896843000	0.010014000
1556881648.906938000	0.010095000
1556881648.917059000	0.010121000
1556881648.927184000	0.010125000
1556881648.937386000	0.010202000
1556881648.947638000	0.010252000
1556881648.957864000	0.010226000
1556881648.968093000	0.010229000
1556881648.978247000	0.010154000
1556881648.988637000	0.010390000
1556881648.998420000	0.009783000
1556881649.008174000	0.009754000
1556881649.019015000	0.010841000
1556881649.028818000	0.009803000
1556881649.038692000	0.009874000
1556881649.048824000	0.010132000
1556881649.058956000	0.010132000
1556881649.069059000	0.010103000
1556881649.079203000	0.010144000
1556881649.089349000	0.010146000
1556881649.099506000	0.010157000
1556881649.109668000	0.010162000
1556881649.119796000	0.010128000
1556881649.130018000	0.010222000
1556881649.140255000	0.010237000
1556881649.150527000	0.010272000
1556881649.159683000	0.009156000
1556881649.169956000	0.010273000
1556881649.180179000	0.010223000
1556881649.190454000	0.010275000
1556881649.200726000	0.010272000
1556881649.211027000	0.010301000
1556881649.221337000	0.010310000
1556881649.230683000	0.009346000
1556881649.240964000	0.010281000
1556881649.250842000	0.009878000
1556881649.261603000	0.010761000
1556881649.271265000	0.009662000
1556881649.281391000	0.010126000
1556881649.291522000	0.010131000
1556881649.301775000	0.010253000
1556881649.311581000	0.009806000
1556881649.321720000	0.010139000
1556881649.331942000	0.010222000
1556881649.342381000	0.010439000
1556881649.352990000	0.010609000
1556881649.362495000	0.009505000
1556881649.373034000	0.010539000
1556881649.382395000	0.009361000
1556881649.392871000	0.010476000
1556881649.403481000	0.010610000
1556881649.412993000	0.009512000
1556881649.423529000	0.010536000
1556881649.434144000	0.010615000
1556881649.443608000	0.009464000
1556881649.454232000	0.010624000
1556881649.464832000	0.010600000
1556881649.474141000	0.009309000
1556881649.484646000	0.010505000
1556881649.495251000	0.010605000
1556881649.504681000	0.009430000
1556881649.515209000	0.010528000
1556881649.525775000	0.010566000
1556881649.535119000	0.009344000
1556881649.545768000	0.010649000
1556881649.555220000	0.009452000
1556881649.566365000	0.011145000
1556881649.576421000	0.010056000
1556881649.585527000	0.009106000
1556881649.596702000	0.011175000
1556881649.605753000	0.009051000
1556881649.616892000	0.011139000
1556881649.625987000	0.009095000
1556881649.636998000	0.011011000
1556881649.646174000	0.009176000
1556881649.657223000	0.011049000
1556881649.666432000	0.009209000
1556881649.677432000	0.011000000
1556881649.686766000	0.009334000
1556881649.697325000	0.010559000
1556881649.707868000	0.010543000
1556881649.717323000	0.009455000
1556881649.728116000	0.010793000
1556881649.738727000	0.010611000
1556881649.748165000	0.009438000
1556881649.758373000	0.010208000
1556881649.768284000	0.009911000
1556881649.777918000	0.009634000
1556881649.788581000	0.010663000
1556881649.798709000	0.010128000
1556881649.808572000	0.009863000
1556881649.818537000	0.009965000
1556881649.828567000	0.010030000
1556881649.838707000	0.010140000
1556881649.849123000	0.010416000
1556881649.859513000	0.010390000
1556881649.869782000	0.010269000
1556881649.879257000	0.009475000
1556881649.889955000	0.010698000
1556881649.900580000	0.010625000
1556881649.909986000	0.009406000
1556881649.920608000	0.010622000
1556881649.930051000	0.009443000
1556881649.940235000	0.010184000
1556881649.951162000	0.010927000
1556881649.961533000	0.010371000
1556881649.970696000	0.009163000
1556881649.981150000	0.010454000
1556881649.991584000	0.010434000
1556881650.002000000	0.010416000
1556881650.011397000	0.009397000
1556881650.022045000	0.010648000
1556881650.032733000	0.010688000
1556881650.042188000	0.009455000
1556881650.052789000	0.010601000
1556881650.062179000	0.009390000
1556881650.072817000	0.010638000
1556881650.083516000	0.010699000
1556881650.092960000	0.009444000
1556881650.103548000	0.010588000
1556881650.112956000	0.009408000
1556881650.124020000	0.011064000
1556881650.134259000	0.010239000
1556881650.143456000	0.009197000
1556881650.153830000	0.010374000
1556881650.164334000	0.010504000
1556881650.174688000	0.010354000
1556881650.184115000	0.009427000
1556881650.194644000	0.010529000
1556881650.205296000	0.010652000
1556881650.214729000	0.009433000
1556881650.225384000	0.010655000
1556881650.234910000	0.009526000
1556881650.245640000	0.010730000
1556881650.255094000	0.009454000
1556881650.265728000	0.010634000
1556881650.275585000	0.009857000
1556881650.285674000	0.010089000
1556881650.295623000	0.009949000
1556881650.305711000	0.010088000
1556881650.315556000	0.009845000
1556881650.326256000	0.010700000
1556881650.336377000	0.010121000
1556881650.346633000	0.010256000
1556881650.356976000	0.010343000
1556881650.366170000	0.009194000
1556881650.376305000	0.010135000
1556881650.387154000	0.010849000
1556881650.397373000	0.010219000
1556881650.406663000	0.009290000
1556881650.417573000	0.010910000
1556881650.427916000	0.010343000
1556881650.437183000	0.009267000
1556881650.448214000	0.011031000
1556881650.457345000	0.009131000
1556881650.467883000	0.010538000
1556881650.478446000	0.010563000
1556881650.487816000	0.009370000
1556881650.498588000	0.010772000
1556881650.509199000	0.010611000
1556881650.518509000	0.009310000
1556881650.529025000	0.010516000
1556881650.539517000	0.010492000
1556881650.548885000	0.009368000
1556881650.559496000	0.010611000
1556881650.568876000	0.009380000
1556881650.579045000	0.010169000
1556881650.590084000	0.011039000
1556881650.600396000	0.010312000
1556881650.609566000	0.009170000
1556881650.620332000	0.010766000
1556881650.630579000	0.010247000
1556881650.640741000	0.010162000
1556881650.650853000	0.010112000
1556881650.660863000	0.010010000
1556881650.670087000	0.009224000
1556881650.681053000	0.010966000
1556881650.691152000	0.010099000
1556881650.700450000	0.009298000
1556881650.711505000	0.011055000
1556881650.720649000	0.009144000
1556881650.731752000	0.011103000
1556881650.741534000	0.009782000
1556881650.751570000	0.010036000
1556881650.761585000	0.010015000
1556881650.771778000	0.010193000
1556881650.781730000	0.009952000
1556881650.791510000	0.009780000
1556881650.802268000	0.010758000
1556881650.812002000	0.009734000
1556881650.821938000	0.009936000
1556881650.831855000	0.009917000
1556881650.841810000	0.009955000
1556881650.852553000	0.010743000
1556881650.862354000	0.009801000
1556881650.872155000	0.009801000
1556881650.882912000	0.010757000
1556881650.892583000	0.009671000
1556881650.902271000	0.009688000
1556881650.913395000	0.011124000
1556881650.922576000	0.009181000
1556881650.932910000	0.010334000
1556881650.942777000	0.009867000
1556881650.952818000	0.010041000
1556881650.963671000	0.010853000
1556881650.973540000	0.009869000
1556881650.983405000	0.009865000
1556881650.993435000	0.010030000
1556881651.003851000	0.010416000
1556881651.013762000	0.009911000
1556881651.023717000	0.009955000
1556881651.034738000	0.011021000
1556881651.044531000	0.009793000
1556881651.054344000	0.009813000
1556881651.064201000	0.009857000
1556881651.074257000	0.010056000
1556881651.084373000	0.010116000
1556881651.094482000	0.010109000
1556881651.104722000	0.010240000
1556881651.115091000	0.010369000
1556881651.125526000	0.010435000
1556881651.135972000	0.010446000
1556881651.145207000	0.009235000
1556881651.156182000	0.010975000
1556881651.166171000	0.009989000
1556881651.176400000	0.010229000
1556881651.186662000	0.010262000
1556881651.195930000	0.009268000
1556881651.206393000	0.010463000
1556881651.216885000	0.010492000
1556881651.226130000	0.009245000
1556881651.236210000	0.010080000
1556881651.247141000	0.010931000
1556881651.257398000	0.010257000
1556881651.266536000	0.009138000
1556881651.277457000	0.010921000
1556881651.287552000	0.010095000
1556881651.297414000	0.009862000
1556881651.307180000	0.009766000
1556881651.316999000	0.009819000
1556881651.327839000	0.010840000
1556881651.337731000	0.009892000
1556881651.347872000	0.010141000
1556881651.358107000	0.010235000
1556881651.368463000	0.010356000
1556881651.378534000	0.010071000
1556881651.387838000	0.009304000
1556881651.398358000	0.010520000
1556881651.408742000	0.010384000
1556881651.419289000	0.010547000
1556881651.428619000	0.009330000
1556881651.439061000	0.010442000
1556881651.449559000	0.010498000
1556881651.458999000	0.009440000
1556881651.469488000	0.010489000
1556881651.479898000	0.010410000
1556881651.489268000	0.009370000
1556881651.500173000	0.010905000
1556881651.510213000	0.010040000
1556881651.520570000	0.010357000
1556881651.529857000	0.009287000
1556881651.540167000	0.010310000
1556881651.550434000	0.010267000
1556881651.560700000	0.010266000
1556881651.571097000	0.010397000
1556881651.581519000	0.010422000
1556881651.590581000	0.009062000
1556881651.600602000	0.010021000
1556881651.611349000	0.010747000
1556881651.621704000	0.010355000
1556881651.632158000	0.010454000
1556881651.641481000	0.009323000
1556881651.651888000	0.010407000
1556881651.662284000	0.010396000
1556881651.672780000	0.010496000
1556881651.682111000	0.009331000
1556881651.692264000	0.010153000
1556881651.702396000	0.010132000
1556881651.712108000	0.009712000
1556881651.722644000	0.010536000
1556881651.732342000	0.009698000
1556881651.743321000	0.010979000
1556881651.753210000	0.009889000
1556881651.763053000	0.009843000
1556881651.772861000	0.009808000
1556881651.783771000	0.010910000
1556881651.793641000	0.009870000
1556881651.803574000	0.009933000
1556881651.813291000	0.009717000
1556881651.823995000	0.010704000
1556881651.833608000	0.009613000
1556881651.843266000	0.009658000
1556881651.854093000	0.010827000
1556881651.863738000	0.009645000
1556881651.873391000	0.009653000
1556881651.884105000	0.010714000
1556881651.893750000	0.009645000
1556881651.903786000	0.010036000
1556881651.913953000	0.010167000
1556881651.924248000	0.010295000
1556881651.934496000	0.010248000
1556881651.944680000	0.010184000
1556881651.954993000	0.010313000
1556881651.965272000	0.010279000
1556881651.975495000	0.010223000
1556881651.984502000	0.009007000
1556881651.995333000	0.010831000
1556881652.005021000	0.009688000
1556881652.014867000	0.009846000
1556881652.025539000	0.010672000
1556881652.035327000	0.009788000
1556881652.045242000	0.009915000
1556881652.055289000	0.010047000
1556881652.065266000	0.009977000
1556881652.076257000	0.010991000
1556881652.086127000	0.009870000
1556881652.096204000	0.010077000
1556881652.106500000	0.010296000
1556881652.116483000	0.009983000
1556881652.126367000	0.009884000
1556881652.136191000	0.009824000
1556881652.146248000	0.010057000
1556881652.156322000	0.010074000
1556881652.166396000	0.010074000
1556881652.176692000	0.010296000
1556881652.187127000	0.010435000
1556881652.197649000	0.010522000
1556881652.207065000	0.009416000
1556881652.217386000	0.010321000
1556881652.227330000	0.009944000
1556881652.237200000	0.009870000
1556881652.248174000	0.010974000
1556881652.257957000	0.009783000
1556881652.267735000	0.009778000
1556881652.277626000	0.009891000
1556881652.287632000	0.010006000
1556881652.297736000	0.010104000
1556881652.308003000	0.010267000
1556881652.318204000	0.010201000
1556881652.328655000	0.010451000
1556881652.339062000	0.010407000
1556881652.349146000	0.010084000
1556881652.359171000	0.010025000
1556881652.369141000	0.009970000
1556881652.379107000	0.009966000
1556881652.389100000	0.009993000
1556881652.399204000	0.010104000
1556881652.409251000	0.010047000
1556881652.419038000	0.009787000
1556881652.430161000	0.011123000
1556881652.439243000	0.009082000
1556881652.449537000	0.010294000
1556881652.459714000	0.010177000
1556881652.470125000	0.010411000
1556881652.480680000	0.010555000
1556881652.491062000	0.010382000
1556881652.500017000	0.008955000
1556881652.510781000	0.010764000
1556881652.520605000	0.009824000
1556881652.530613000	0.010008000
1556881652.540556000	0.009943000
1556881652.550527000	0.009971000
1556881652.561399000	0.010872000
1556881652.571592000	0.010193000
1556881652.581500000	0.009908000
1556881652.591620000	0.010120000
1556881652.601733000	0.010113000
1556881652.611980000	0.010247000
1556881652.621297000	0.009317000
1556881652.631675000	0.010378000
1556881652.642031000	0.010356000
1556881652.652331000	0.010300000
1556881652.662660000	0.010329000
1556881652.673069000	0.010409000
1556881652.682380000	0.009311000
1556881652.692852000	0.010472000
1556881652.703124000	0.010272000
1556881652.713383000	0.010259000
1556881652.723816000	0.010433000
1556881652.733128000	0.009312000
1556881652.744049000	0.010921000
1556881652.753968000	0.009919000
1556881652.764208000	0.010240000
1556881652.773425000	0.009217000
1556881652.784539000	0.011114000
1556881652.794725000	0.010186000
1556881652.803827000	0.009102000
1556881652.814857000	0.011030000
1556881652.825060000	0.010203000
1556881652.834245000	0.009185000
1556881652.844420000	0.010175000
1556881652.854478000	0.010058000
1556881652.865354000	0.010876000
1556881652.875083000	0.009729000
1556881652.885016000	0.009933000
1556881652.894900000	0.009884000
1556881652.904830000	0.009930000
1556881652.915707000	0.010877000
1556881652.925646000	0.009939000
1556881652.935519000	0.009873000
1556881652.945617000	0.010098000
1556881652.955850000	0.010233000
1556881652.966174000	0.010324000
1556881652.976719000	0.010545000
1556881652.985980000	0.009261000
1556881652.996442000	0.010462000
1556881653.006928000	0.010486000
1556881653.016280000	0.009352000
1556881653.027081000	0.010801000
1556881653.036539000	0.009458000
1556881653.046509000	0.009970000
1556881653.057592000	0.011083000
1556881653.066690000	0.009098000
1556881653.077810000	0.011120000
1556881653.088112000	0.010302000
1556881653.097371000	0.009259000
1556881653.107829000	0.010458000
1556881653.118256000	0.010427000
1556881653.128699000	0.010443000
1556881653.137837000	0.009138000
1556881653.148453000	0.010616000
1556881653.158952000	0.010499000
1556881653.168303000	0.009351000
1556881653.178978000	0.010675000
1556881653.189409000	0.010431000
1556881653.198762000	0.009353000
1556881653.208777000	0.010015000
1556881653.219692000	0.010915000
1556881653.229912000	0.010220000
1556881653.240149000	0.010237000
1556881653.249302000	0.009153000
1556881653.259550000	0.010248000
1556881653.269489000	0.009939000
1556881653.279828000	0.010339000
1556881653.290094000	0.010266000
1556881653.300166000	0.010072000
1556881653.310393000	0.010227000
1556881653.320689000	0.010296000
1556881653.331096000	0.010407000
1556881653.341188000	0.010092000
1556881653.351488000	0.010300000
1556881653.360916000	0.009428000
1556881653.370706000	0.009790000
1556881653.381599000	0.010893000
1556881653.391618000	0.010019000
1556881653.401650000	0.010032000
1556881653.411479000	0.009829000
1556881653.421491000	0.010012000
1556881653.431515000	0.010024000
1556881653.442331000	0.010816000
1556881653.452371000	0.010040000
1556881653.461585000	0.009214000
1556881653.472729000	0.011144000
1556881653.482932000	0.010203000
1556881653.492076000	0.009144000
1556881653.502171000	0.010095000
1556881653.512483000	0.010312000
1556881653.522462000	0.009979000
1556881653.532445000	0.009983000
1556881653.543219000	0.010774000
1556881653.553417000	0.010198000
1556881653.563451000	0.010034000
1556881653.573691000	0.010240000
1556881653.583747000	0.010056000
1556881653.593823000	0.010076000
1556881653.603755000	0.009932000
1556881653.613769000	0.010014000
1556881653.624008000	0.010239000
1556881653.634301000	0.010293000
1556881653.644678000	0.010377000
1556881653.653819000	0.009141000
1556881653.664352000	0.010533000
1556881653.674718000	0.010366000
1556881653.685122000	0.010404000
1556881653.694395000	0.009273000
1556881653.705047000	0.010652000
1556881653.715558000	0.010511000
1556881653.724827000	0.009269000
1556881653.735436000	0.010609000
1556881653.745895000	0.010459000
1556881653.755302000	0.009407000
1556881653.766439000	0.011137000
1556881653.775755000	0.009316000
1556881653.786179000	0.010424000
1556881653.796764000	0.010585000
1556881653.806142000	0.009378000
1556881653.816748000	0.010606000
1556881653.827233000	0.010485000
1556881653.837454000	0.010221000
1556881653.847521000	0.010067000
1556881653.857936000	0.010415000
1556881653.866989000	0.009053000
1556881653.877293000	0.010304000
1556881653.888126000	0.010833000
1556881653.897919000	0.009793000
1556881653.907818000	0.009899000
1556881653.917721000	0.009903000
1556881653.927897000	0.010176000
1556881653.937976000	0.010079000
1556881653.948234000	0.010258000
1556881653.958575000	0.010341000
1556881653.968923000	0.010348000
1556881653.978207000	0.009284000
1556881653.989369000	0.011162000
1556881653.998747000	0.009378000
1556881654.009349000	0.010602000
1556881654.018762000	0.009413000
1556881654.029888000	0.011126000
1556881654.040194000	0.010306000
1556881654.049440000	0.009246000
1556881654.059927000	0.010487000
1556881654.070447000	0.010520000
1556881654.079774000	0.009327000
1556881654.090316000	0.010542000
1556881654.100777000	0.010461000
1556881654.110162000	0.009385000
1556881654.120824000	0.010662000
1556881654.131500000	0.010676000
1556881654.140847000	0.009347000
1556881654.150832000	0.009985000
1556881654.161645000	0.010813000
1556881654.171401000	0.009756000
1556881654.181155000	0.009754000
1556881654.191212000	0.010057000
1556881654.201379000	0.010167000
1556881654.211546000	0.010167000
1556881654.221654000	0.010108000
1556881654.232009000	0.010355000
1556881654.242185000	0.010176000
1556881654.252394000	0.010209000
1556881654.262648000	0.010254000
1556881654.272958000	0.010310000
1556881654.282133000	0.009175000
1556881654.292534000	0.010401000
1556881654.302953000	0.010419000
1556881654.313286000	0.010333000
1556881654.323558000	0.010272000
1556881654.332834000	0.009276000
1556881654.343411000	0.010577000
1556881654.353946000	0.010535000
1556881654.363429000	0.009483000
1556881654.374036000	0.010607000
1556881654.383725000	0.009689000
1556881654.394160000	0.010435000
1556881654.404023000	0.009863000
1556881654.414904000	0.010881000
1556881654.424721000	0.009817000
1556881654.434719000	0.009998000
1556881654.444971000	0.010252000
1556881654.454160000	0.009189000
1556881654.464382000	0.010222000
1556881654.474627000	0.010245000
1556881654.484777000	0.010150000
1556881654.495058000	0.010281000
1556881654.505564000	0.010506000
1556881654.515989000	0.010425000
1556881654.526350000	0.010361000
1556881654.535627000	0.009277000
1556881654.546103000	0.010476000
1556881654.556652000	0.010549000
1556881654.565967000	0.009315000
1556881654.576660000	0.010693000
1556881654.586099000	0.009439000
1556881654.597086000	0.010987000
1556881654.606350000	0.009264000
1556881654.617311000	0.010961000
1556881654.627665000	0.010354000
1556881654.636856000	0.009191000
1556881654.647428000	0.010572000
1556881654.658020000	0.010592000
1556881654.667495000	0.009475000
1556881654.678105000	0.010610000
1556881654.688716000	0.010611000
1556881654.698118000	0.009402000
1556881654.708362000	0.010244000
1556881654.718277000	0.009915000
1556881654.728099000	0.009822000
1556881654.738955000	0.010856000
1556881654.749109000	0.010154000
1556881654.758327000	0.009218000
1556881654.768632000	0.010305000
1556881654.778900000	0.010268000
1556881654.789305000	0.010405000
1556881654.799772000	0.010467000
1556881654.809087000	0.009315000
1556881654.819579000	0.010492000
1556881654.830004000	0.010425000
1556881654.840471000	0.010467000
1556881654.849815000	0.009344000
1556881654.860161000	0.010346000
1556881654.870567000	0.010406000
1556881654.881024000	0.010457000
1556881654.890369000	0.009345000
1556881654.900648000	0.010279000
1556881654.910828000	0.010180000
1556881654.920606000	0.009778000
1556881654.931514000	0.010908000
1556881654.941449000	0.009935000
1556881654.951805000	0.010356000
1556881654.961163000	0.009358000
1556881654.971735000	0.010572000
1556881654.982362000	0.010627000
1556881654.991834000	0.009472000
1556881655.002467000	0.010633000
1556881655.013072000	0.010605000
1556881655.022450000	0.009378000
1556881655.032936000	0.010486000
1556881655.043534000	0.010598000
1556881655.052956000	0.009422000
1556881655.063468000	0.010512000
1556881655.074018000	0.010550000
1556881655.083453000	0.009435000
1556881655.094059000	0.010606000
1556881655.104500000	0.010441000
1556881655.113825000	0.009325000
1556881655.123885000	0.010060000
1556881655.134920000	0.011035000
1556881655.143995000	0.009075000
1556881655.155179000	0.011184000
1556881655.164357000	0.009178000
1556881655.175451000	0.011094000
1556881655.184613000	0.009162000
1556881655.194604000	0.009991000
1556881655.205607000	0.011003000
1556881655.215943000	0.010336000
1556881655.225185000	0.009242000
1556881655.235536000	0.010351000
1556881655.245956000	0.010420000
1556881655.256473000	0.010517000
1556881655.265840000	0.009367000
1556881655.276329000	0.010489000
1556881655.287049000	0.010720000
1556881655.296592000	0.009543000
1556881655.307227000	0.010635000
1556881655.316669000	0.009442000
1556881655.327203000	0.010534000
1556881655.336784000	0.009581000
1556881655.347881000	0.011097000
1556881655.357243000	0.009362000
1556881655.367654000	0.010411000
1556881655.378215000	0.010561000
1556881655.387728000	0.009513000
1556881655.398537000	0.010809000
1556881655.408899000	0.010362000
1556881655.418729000	0.009830000
1556881655.428622000	0.009893000
1556881655.438298000	0.009676000
1556881655.448151000	0.009853000
1556881655.459150000	0.010999000
1556881655.469345000	0.010195000
1556881655.478335000	0.008990000
1556881655.489280000	0.010945000
1556881655.499440000	0.010160000
1556881655.509455000	0.010015000
1556881655.519476000	0.010021000
1556881655.529724000	0.010248000
1556881655.539872000	0.010148000
1556881655.549895000	0.010023000
1556881655.560132000	0.010237000
1556881655.569353000	0.009221000
1556881655.580235000	0.010882000
1556881655.590554000	0.010319000
1556881655.600940000	0.010386000
1556881655.610242000	0.009302000
1556881655.620610000	0.010368000
1556881655.630844000	0.010234000
1556881655.640720000	0.009876000
1556881655.650909000	0.010189000
1556881655.661176000	0.010267000
1556881655.671518000	0.010342000
1556881655.681979000	0.010461000
1556881655.691240000	0.009261000
1556881655.701767000	0.010527000
1556881655.712158000	0.010391000
1556881655.721533000	0.009375000
1556881655.732256000	0.010723000
1556881655.741785000	0.009529000
1556881655.751827000	0.010042000
1556881655.762867000	0.011040000
1556881655.773166000	0.010299000
1556881655.782340000	0.009174000
1556881655.792754000	0.010414000
1556881655.803296000	0.010542000
1556881655.812792000	0.009496000
1556881655.823520000	0.010728000
1556881655.834132000	0.010612000
1556881655.843567000	0.009435000
1556881655.854159000	0.010592000
1556881655.864774000	0.010615000
1556881655.874194000	0.009420000
1556881655.884789000	0.010595000
1556881655.894199000	0.009410000
1556881655.905202000	0.011003000
1556881655.914367000	0.009165000
1556881655.925502000	0.011135000
1556881655.935540000	0.010038000
1556881655.945338000	0.009798000
1556881655.955114000	0.009776000
1556881655.965196000	0.010082000
1556881655.975347000	0.010151000
1556881655.985641000	0.010294000
1556881655.996115000	0.010474000
1556881656.005428000	0.009313000
1556881656.016108000	0.010680000
1556881656.026123000	0.010015000
1556881656.036451000	0.010328000
1556881656.046847000	0.010396000
1556881656.056231000	0.009384000
1556881656.066813000	0.010582000
1556881656.076351000	0.009538000
1556881656.087413000	0.011062000
1556881656.097714000	0.010301000
1556881656.106939000	0.009225000
1556881656.117470000	0.010531000
1556881656.128086000	0.010616000
1556881656.137451000	0.009365000
1556881656.148101000	0.010650000
1556881656.157651000	0.009550000
1556881656.168773000	0.011122000
1556881656.177848000	0.009075000
1556881656.188782000	0.010934000
1556881656.199094000	0.010312000
1556881656.208292000	0.009198000
1556881656.218720000	0.010428000
1556881656.229222000	0.010502000
1556881656.239663000	0.010441000
1556881656.248909000	0.009246000
1556881656.259321000	0.010412000
1556881656.269837000	0.010516000
1556881656.280355000	0.010518000
1556881656.289593000	0.009238000
1556881656.300006000	0.010413000
1556881656.310494000	0.010488000
1556881656.321006000	0.010512000
1556881656.330305000	0.009299000
1556881656.340783000	0.010478000
1556881656.351338000	0.010555000
1556881656.360665000	0.009327000
1556881656.371335000	0.010670000
1556881656.381898000	0.010563000
1556881656.391283000	0.009385000
1556881656.401869000	0.010586000
1556881656.412558000	0.010689000
1556881656.422021000	0.009463000
1556881656.432711000	0.010690000
1556881656.442198000	0.009487000
1556881656.452821000	0.010623000
1556881656.462326000	0.009505000
1556881656.473225000	0.010899000
1556881656.482921000	0.009696000
1556881656.492841000	0.009920000
1556881656.502964000	0.010123000
1556881656.512784000	0.009820000
1556881656.523421000	0.010637000
1556881656.533534000	0.010113000
1556881656.543699000	0.010165000
1556881656.553982000	0.010283000
1556881656.564240000	0.010258000
1556881656.574637000	0.010397000
1556881656.583957000	0.009320000
1556881656.594350000	0.010393000
1556881656.604665000	0.010315000
1556881656.615183000	0.010518000
1556881656.624614000	0.009431000
1556881656.635152000	0.010538000
1556881656.645634000	0.010482000
1556881656.655029000	0.009395000
1556881656.665765000	0.010736000
1556881656.675160000	0.009395000
1556881656.685194000	0.010034000
1556881656.696169000	0.010975000
1556881656.706448000	0.010279000
