0.000000000
0.002304824
0.000033457
0.002365178
0.000032497
0.000015308
0.000010031
0.000008386
0.000008318
0.000008066
0.000007715
0.244420777
0.000033033
0.000018649
0.000020406
0.000018165
0.000021501
0.000017661
0.000017560
0.000016976
0.000019374
0.000018926
0.000018153
0.000017449
0.000017317
0.252212955
0.000116759
0.000024148
0.000643280
0.000030808
0.000024436
0.000021587
0.000021449
0.000021333
0.000021449
0.000021497
0.000021923
0.000021723
0.248514633
0.000031897
0.000017526
0.000017208
0.000564087
0.000026844
0.000580585
0.000028844
0.000019104
0.000017600
0.000017002
0.000017177
0.249964789
0.000044150
0.000010441
0.000010135
0.000011202
0.000398817
0.000017473
0.000012214
0.000011033
0.000010685
0.000011024
0.075128401
0.171779703
0.000026145
0.000028426
0.000581215
0.003491227
0.000039858
0.000019788
0.000017472
0.000017686
0.000018162
0.000018932
0.247215990
0.000057919
0.000035767
0.000033071
0.000032665
0.000032400
0.000033297
0.000031171
0.254560892
0.000026603
0.000014134
0.000012670
0.000012526
0.245278566
0.000051795
0.005330494
0.000765702
0.000799707
0.000035175
0.000332614
0.000016628
0.000011278
0.000010597
0.000010925
0.000010549
0.000010587
0.000010239
0.000010374
0.000010076
0.000010520
0.000010169
0.000012059
0.000010121
0.000010296
0.000010536
0.000011826
0.000009890
0.000010060
0.000010285
0.000009877
0.000009827
0.000009856
0.000011714
0.000010429
0.000009721
0.000010041
0.000010275
0.243223956
0.000116661
0.000020505
0.000017199
0.000016774
0.000016826
0.000015365
0.000015724
0.000015646
0.249990579
0.001548502
0.001545711
0.000032857
0.000013186
0.000010611
0.000011842
0.245785945
0.000046464
0.000027196
0.000024757
0.000023323
0.000020848
0.000020320
0.000020682
0.000020908
0.000019875
0.000019215
0.000020119
0.247726377
0.002078571
0.000032370
0.000013982
0.000013317
0.000012267
0.000012357
0.000011813
0.000012019
0.000013070
0.000012578
0.000012267
0.000012188
0.000011944
0.032931993
0.148740509
0.066044248
0.000037191
0.000019425
0.000018766
0.000017704
0.000017606
0.000017715
0.000017242
0.000017953
0.000017309
0.000017497
0.000017709
0.251086338
0.000042189
0.000027315
0.000025579
0.000025518
0.000024870
0.000024464
0.000024657
0.000024392
0.000025182
0.000025094
0.000024668
0.000024417
0.000025386
0.247494903
0.000022260
0.000012286
0.000011065
0.000011920
0.000014196
0.000011955
0.000012468
0.000011871
0.000011934
0.000011712
0.000012045
0.000011623
0.000011974
0.252504229
0.000050400
0.000030923
0.000028121
0.000024548
0.000042663
0.000025903
0.000023727
0.000026541
0.000075963
0.000029460
0.000023682
0.000024236
0.000024777
0.000023630
0.000024144
0.000023558
0.000022861
0.000023538
0.179614383
0.011335994
0.001518604
0.010808895
0.000025924
0.000008407
0.045218893
0.000026576
0.000019245
0.251215289
0.000046967
0.000027094
0.000025142
0.000024777
0.246924042
0.000029728
0.000013593
0.000011926
0.253544819
0.000034203
0.000015361
0.000013510
0.000013853
0.000013169
0.000014764
0.000013110
0.000013391
0.000013553
0.000013555
0.000013886
0.000013531
0.000013652
0.000013180
0.000013387
0.250744920
0.000132868
0.000045062
0.000023574
0.000024779
0.000022645
0.000020893
0.000020327
0.000020387
0.000021498
0.000021802
0.000020239
0.000023897
0.000023425
0.000019454
0.000019660
0.000022104
0.000025516
0.000026300
0.000023999
0.000024293
0.000022068
0.000023827
0.000021878
0.000020799
0.000021524
0.000025619
0.248883912
0.000055016
0.000029449
0.000027784
0.000027879
0.000030576
0.000027499
0.000027851
0.000027970
0.000027303
0.000027655
0.000027428
0.000027583
0.001333396
0.000047031
0.000019188
0.000017821
0.000019688
0.000017901
0.000017480
0.243921781
0.000035763
0.000020831
0.000019547
0.000030161
0.000022111
0.000018864
0.000020670
0.000051496
0.000022279
0.000018947
0.000018256
0.000018234
0.000018494
0.000018425
0.000021094
0.252203467
0.000080280
0.000057194
0.002303805
0.000095802
0.000038066
0.000062465
0.000027236
0.000015460
0.000013316
0.000010290
0.246473715
0.001111103
0.000763481
0.000101593
0.000848843
0.000029654
0.000021647
0.000019943
0.000019390
0.000019090
0.000019029
0.000020682
0.000020015
0.260235913
0.000014780
0.000007515
0.000007032
0.000007840
0.000007357
0.000006993
0.000007153
0.000006893
0.000006961
0.000006861
0.000007050
0.000007370
0.000007343
0.000008622
0.000007186
0.000007143
0.234600546
0.000057660
0.000020636
0.000017966
0.000015206
0.000014830
0.000015353
0.000015030
0.000015088
0.000014750
0.000014959
0.000015188
0.000014985
0.000015289
0.252663802
0.000044927
0.000025174
0.000024553
0.000024175
0.000024015
0.000024076
0.000025114
0.000025414
0.000024865
0.000024461
0.000024520
0.000024717
0.000025146
0.000025495
0.000024528
0.000024649
0.000026080
0.000030057
0.247400840
0.003113899
0.000911478
0.000046296
0.000026341
0.246657463
0.000045132
0.000024873
0.000023535
0.000022632
0.000023093
0.000024332
0.000025362
0.248960782
0.000029414
0.000016099
0.254021290
0.001546043
0.243682355
0.000462546
0.251484165
0.000039224
0.000052531
0.000022905
0.000022159
0.000021866
0.000025239
0.000023531
0.000025746
0.000022317
0.000050684
0.000023283
0.000022044
0.000022539
0.000021756
0.000021153
0.000020287
0.000021045
0.000021465
0.000021259
0.000021847
0.000014386
0.000014130
0.248607879
0.000633240
0.000056578
0.000078470
0.000026234
0.000022064
0.000020848
0.000020611
0.000019859
0.000022137
0.000021175
0.000020424
0.000020467
0.000021573
0.000022031
0.000021276
0.250068725
0.000043774
0.000025258
0.000025392
0.000025252
0.000022211
0.000023891
0.000022733
0.000022371
0.000021991
0.000022285
0.000022314
0.000021927
0.000022328
0.000024026
0.000022352
0.000022441
0.249277269
0.000043852
0.000026875
0.000026469
0.000027508
0.000032635
0.000027187
0.000026929
0.000026568
0.000026955
0.000026630
0.000026640
0.000027111
0.000026394
0.000026884
0.000026854
0.000027115
0.250132228
0.000837003
0.000047040
0.000027563
0.000864366
0.000086118
0.001178180
0.000060234
0.000096194
0.245132028
0.000501479
0.000026619
0.000017694
0.000017445
0.000015613
0.000015137
0.000014963
0.000014999
0.000015431
0.000015447
0.251342373
0.000041319
0.000024339
0.000023097
0.000022655
0.000022465
0.000022364
0.000023180
0.000022165
0.000022612
0.000023113
0.247883774
0.000018847
0.000008351
0.000008018
0.000007928
0.000008108
0.000008468
0.000008067
0.000008580
0.000007676
0.000021455
0.000017670
0.000010264
0.000007299
0.000009778
0.000007843
0.000008222
0.250855819
0.001259454
0.000057925
0.000021976
0.000020364
0.000018789
0.000017965
0.000017614
0.252207230
0.000041250
0.000018582
0.000017188
0.000017343
0.000017606
0.000017206
0.000017678
0.000017589
0.248050501
0.002869574
0.000829112
0.000675110
0.000037457
0.243493665
0.000029360
0.000116155
0.000036781
0.000024817
0.000025615
0.000025398
0.000025094
0.000025563
0.000024817
0.000024392
0.252573242
0.000731976
0.000066706
0.000025576
0.000025950
0.000022906
0.000022468
0.000022842
0.000022513
0.000022437
0.000022312
0.000022940
0.246933382
0.000910110
0.000061993
0.000037300
0.000032675
0.000032079
0.000033137
0.000032559
0.000035006
0.000032710
0.000032560
0.000032420
0.000032605
0.249216422
0.000686223
0.000065901
0.000045081
0.000832001
0.000037924
0.000023504
0.000023107
0.000022248
0.246661011
0.000025919
0.000014888
0.000014645
0.000014106
0.000015372
0.000014909
0.000014865
0.000014344
0.000014358
0.000014602
0.000014776
0.000014643
0.000014466
0.000015021
0.000014374
0.000014665
0.000014362
0.248986875
0.000143432
0.000066186
0.000018428
0.000011829
0.000011644
0.000011303
0.000011878
0.000011295
0.000011012
0.000011555
0.000011641
0.000011375
0.000011866
0.000011826
0.000011224
0.000011053
0.000011607
0.000011181
0.251269193
0.000036582
0.000018337
0.000017816
0.000016638
0.000017754
0.000016335
0.000016686
0.000016528
0.000016515
0.000016355
0.000016977
0.000016701
0.000016503
0.000016981
0.000016088
0.000016783
0.000016678
0.000016606
0.248071849
0.000028104
0.000016392
0.000015093
0.000016478
0.000014814
0.000014698
0.000014657
0.000014163
0.000014102
0.000014401
0.000014586
0.000014525
0.000014694
0.000014764
0.000014333
0.000014385
0.000014506
0.000014976
0.000014708
0.000014522
0.000014531
0.000013986
0.000014309
0.000014628
0.254233081
0.000105347
0.000038123
0.000030285
0.000030741
0.000029036
0.000028977
0.000029343
0.000029623
0.000029302
0.000031563
0.000029648
0.000030541
0.246020411
0.000075984
0.000039357
0.000030460
0.000077095
0.000034760
0.000023213
0.000020478
0.000025510
0.000023247
0.000025120
0.000026786
0.000023122
0.000019915
0.000019811
0.000018305
0.000019808
0.000019447
0.000021200
0.248843395
0.001372525
0.000083704
0.000033593
0.000028301
0.000027471
0.000027303
0.000029335
0.000028567
0.248708746
0.000026300
0.000015072
0.000013943
0.000014608
0.252522978
0.000017605
0.000007676
0.000007311
0.000007326
0.000007217
0.000007028
0.000007391
0.000007146
0.249367465
0.002451875
0.000155904
0.001000562
0.000049941
0.000032485
0.000031428
0.000029075
0.000028479
0.000028701
0.000029464
0.000029280
0.244737674
0.000743470
0.000038953
0.000020978
0.000016575
0.000017424
0.000031226
0.004685653
0.000079892
0.000026763
0.000019369
0.000092228
0.000029985
0.000016419
0.000549443
0.000347948
0.000026467
0.242929372
0.000037924
0.000022375
0.000022128
0.000021873
0.000044082
0.000024970
0.000022515
0.000023431
0.000053186
0.000054432
0.000030113
0.003013012
0.245515548
0.000032444
0.000488411
0.000028540
0.000015978
0.251161487
0.000451654
0.000032046
0.000014926
0.000014215
0.000014104
0.000013618
0.000013148
0.000012410
0.248673416
0.000035748
0.000021026
0.000019531
0.000018617
0.000018915
0.251952064
0.000044121
0.000023995
0.000023783
0.000023823
0.000024661
0.246586347
0.005798914
0.001710980
0.000019858
0.000017191
0.000014025
0.000012699
0.000012208
0.000016227
0.000013191
0.000012621
0.000012278
0.000011370
0.000012577
0.000012439
0.000011955
0.000011954
0.000012026
0.000012021
0.000011882
0.000012164
0.000012087
0.000012247
0.000012262
0.000012346
0.000012242
0.000012066
0.244558290
0.000050140
0.000032089
0.000029422
0.000037321
0.000033598
0.000034198
0.249098291
0.000057011
0.000033072
0.000032251
0.000029829
0.000025410
0.000026461
0.000103719
0.000065523
0.000037981
0.000030159
0.000028349
0.250364235
0.000059564
0.000033334
0.000034395
0.000058900
0.000030943
0.000031022
0.000027819
0.000070496
0.000032547
0.000027083
0.000029571
0.251625189
0.000731179
0.000078325
0.000073778
0.000048006
0.000026577
0.248456059
0.000054418
0.000028092
0.000026144
0.000026101
0.000026019
0.000026838
0.000026321
0.000026545
0.000025667
0.000025964
0.000027936
0.000026152
0.248309400
0.000035198
0.000017259
0.000020968
0.000016624
0.000015843
0.000016288
0.000015729
0.000016090
0.252505078
0.000064178
0.000482057
0.000439112
0.000023577
0.000013137
0.000012350
0.000012728
0.243673964
0.000037252
0.000028117
0.001860745
0.000484115
0.254654768
0.000029588
0.000013175
0.000012087
0.000011472
0.000011316
0.000011395
0.244349716
0.000967708
0.000045905
0.000893345
0.000079425
0.000020635
0.253142897
0.000022823
0.000010463
0.000009466
0.000009352
0.000009842
0.000008218
0.000008476
0.000008144
0.000008196
0.000007966
0.000008109
0.000007928
0.000007938
0.000007798
0.000008013
0.000008005
0.000007872
0.000007795
0.000007747
0.000007636
0.000007820
0.000007925
0.000007964
0.244589619
0.000513640
0.000480875
0.000023344
0.000012983
0.000011714
0.000013414
0.000011910
0.000011894
0.000011388
0.000011850
0.000011534
0.000012026
0.000011759
0.000011481
0.000011933
0.000011484
0.000011391
0.000013273
0.000011658
0.000011627
0.248718979
0.000038151
0.000053319
0.000021003
0.000018726
0.000019617
0.250000175
0.000045876
0.000027085
0.000027838
0.000023440
0.000021957
0.000022365
0.248640351
0.000717909
0.000056868
0.000622596
0.000039923
0.000021862
0.000019007
0.000018668
0.000018884
0.248794893
0.000017560
0.000008705
0.000008016
0.000007917
0.000008005
0.000007650
0.250284077
0.000050980
0.000032051
0.000028787
0.000027802
0.000026879
0.000025891
0.000025530
0.000029013
0.251652504
0.000048881
0.000028359
0.000027204
0.000025936
0.247398835
0.000024565
0.000016866
0.000012952
0.000011835
0.000012295
0.000033932
0.250757383
0.000035646
0.000126345
0.000040181
0.000029272
0.000028626
0.000028069
0.248549565
0.000039758
0.000022836
0.000020598
0.250263230
0.000046049
0.000020169
0.000018726
0.000022965
0.000018794
0.000018649
0.000018966
0.000018609
0.000018815
0.000018299
0.000018697
0.000018958
0.000018405
0.000017816
0.000018683
0.000018434
0.000018740
0.252757559
0.000053638
0.000031673
0.000032851
0.000030154
0.000030902
0.000030389
0.000029985
0.000030555
0.000030239
0.000030446
0.000032174
0.000030044
0.000029818
0.000030826
0.000030957
0.000030335
0.000030194
0.000030149
0.000029578
0.000029999
0.000029849
0.000029874
0.245841105
0.000049172
0.000027524
0.000021920
0.000020885
0.000021129
0.000062209
0.251453365
0.000086766
0.000027521
0.000021653
0.247768412
0.000031571
0.000017515
0.000016753
0.253132467
0.000062344
0.000033481
0.000029859
0.247601792
0.249695284
0.249223910
0.000021447
0.252097466
0.250386808
0.249634159
0.000019823
0.000009694
0.000008255
0.000009331
0.000019775
0.000015534
0.000009249
0.000007403
0.000007869
0.000007758
0.000007222
0.000007595
0.000007422
0.000007637
0.000009644
0.000007518
0.000007128
0.000007389
0.000007558
0.000008272
0.000007308
0.248545707
0.000045452
0.000018846
0.000013689
0.000015393
0.000015062
0.000014733
0.000017557
0.000017199
0.000016428
0.000049880
0.000049969
0.000024178
0.000018744
0.000016548
0.000017031
0.000015834
0.000015641
0.000015657
0.000015831
0.000015604
0.000015936
0.000015799
0.000015478
0.000015623
0.251592416
0.000066729
0.000042713
0.000036790
0.000042548
0.000095550
0.000042843
0.000033588
0.000030024
0.000029863
0.000029243
0.000029813
0.000029032
0.000030996
0.000030010
0.249649939
0.000625953
0.000031753
0.248728499
0.000039872
0.000024362
0.000021713
0.000016166
0.000031054
0.000018843
0.000016066
0.000016017
0.000029751
0.000027566
0.000028191
0.249213232
0.000805100
0.000040778
0.000023574
0.000022919
0.000023277
0.000022656
0.000022839
0.000024686
0.000023926
0.000022548
0.252280289
0.000037111
0.000017099
0.000015243
0.000016042
0.000015623
0.000016673
0.000015716
0.000014702
0.000016601
0.000015974
0.000015881
0.000016268
0.246493994
0.000022428
0.000012739
0.000012214
0.000012513
0.000012795
0.000013146
0.251344474
0.000044892
0.000025318
0.000023811
0.000023610
0.000023907
0.000024084
0.000023782
0.252288974
0.000656870
0.000045200
0.000015444
0.000012734
0.000013054
0.000012551
0.000013214
0.246367123
0.000053420
0.000030515
0.000028381
0.249601239
0.000863485
0.000131146
0.000040502
0.250002768
0.000050587
0.000031066
0.000029734
0.000029923
0.000030601
0.000030169
0.250100830
0.000027367
0.000015253
0.000014243
0.000013629
0.000012858
0.000017331
0.000014021
0.000013892
0.000013900
0.000013599
0.000013844
0.000013860
0.000013631
0.000013806
0.000013513
0.248503055
0.000637487
0.000033420
0.000021262
0.000020972
0.000022492
0.000020594
0.000021286
0.000020400
0.000020346
0.000020682
0.000020397
0.000020931
0.247429225
0.000048708
0.000029499
0.000029352
0.000029000
0.000028769
0.000030822
0.000028050
0.000028253
0.000028638
0.000028831
0.000028435
0.000027610
0.000027182
0.000027607
0.000028073
0.000028007
0.000028171
0.000029281
0.251504799
0.000034506
0.000020320
0.000020270
0.000019435
0.000020083
0.000020220
0.000020253
0.000021587
0.000020720
0.000019599
0.000019662
0.000020236
0.249512038
0.000069563
0.000021165
0.000019663
0.000018714
0.000019751
0.000017658
0.000018282
0.000017446
0.000017644
0.000017752
0.000017578
0.000018588
0.000017197
0.000017480
0.000018322
0.000017552
0.000017758
0.000017615
0.000017563
0.249430699
0.000038201
0.000021710
0.000019582
0.000019003
0.000018727
0.000018583
0.000019445
0.000019731
0.000020762
0.000020206
0.000020478
0.000020376
0.000020624
0.248847884
0.000569803
0.000043892
0.000021375
0.000019686
0.000021145
0.000019010
0.000019574
0.000018963
0.000020688
0.000019178
0.000019333
0.000018632
0.000018774
0.000019714
0.000019248
0.000019132
0.000019084
0.000018806
0.000018964
0.249131409
0.000049100
0.000028319
0.000027486
0.000028212
0.000028968
0.000026991
0.000026821
0.000027081
0.000027565
0.000026733
0.000027383
0.000027356
0.248438116
0.001697774
0.000690435
0.000603848
0.000128981
0.000021802
0.000017295
0.000015246
0.000015140
0.000015159
0.000015323
0.000014917
0.000014501
0.000014742
0.000014012
0.000014619
0.000014818
0.000014939
0.000014875
0.000014323
0.000014485
0.000014442
0.000015059
0.000014522
0.000014346
0.000014610
0.000014698
0.000014558
0.000014039
0.000014811
0.247716486
0.000060449
0.000034389
0.000031668
0.000032229
0.000030034
0.000030355
0.000030510
0.000030255
0.000030209
0.000029894
0.000030260
0.000030009
0.000029844
0.000029613
0.250833792
0.000047817
0.000030211
0.000028738
0.000027833
0.000033366
0.000027253
0.000027856
0.000027245
0.000026978
0.000026691
0.000027166
0.000027205
0.000026862
0.000027329
0.000027121
0.000026594
0.000027419
0.246905279
0.000022136
0.000012354
0.000012478
0.000011114
0.000011879
0.000010978
0.000011278
0.000011114
0.000011646
0.000011282
0.000010980
0.000011013
0.000010956
0.252869693
0.000030791
0.000014519
0.000013742
0.000013974
0.000015067
0.000013601
0.000013832
0.000028333
0.000015061
0.000014375
0.000013471
0.000012996
0.000013589
0.000013285
0.000013761
0.000013411
0.000013810
0.000013086
0.000014237
0.252286804
0.000093330
0.001242440
0.000068548
0.001085929
0.000917571
0.000012220
0.000008366
0.000007540
0.000007997
0.000007802
0.000008089
0.000008006
0.000007774
0.241838284
0.000034256
0.000044751
0.000043251
0.000029958
0.000027980
0.000028875
0.000028048
0.000027454
0.000813027
0.000048845
0.000027499
0.000025949
0.000025503
0.000026408
0.000026549
0.000025784
0.000025598
0.000025173
0.000025685
0.000025446
0.000025195
0.000025423
0.000025508
0.000025445
0.000025650
0.000025343
0.000025169
0.000025530
0.000025236
0.000025686
0.000025655
0.000026161
0.248834789
0.000072198
0.000045250
0.000057047
0.000039424
0.000031512
0.000028168
0.000028974
0.000028153
0.000027837
0.000026786
0.000028216
0.000027713
0.000027842
0.000027485
0.000026885
0.000030100
0.000039517
0.000038748
0.250797435
0.000058357
0.000031763
0.000023311
0.000019876
0.000018911
0.000016475
0.000016024
0.000016195
0.000015453
0.000015436
0.000015150
0.000015708
0.000031595
0.000017596
0.000015980
0.000015415
0.248990227
0.000020458
0.000011478
0.000011332
0.000010987
0.000011450
0.000011208
0.000010617
0.000010670
0.000011441
0.000011037
0.000010725
0.248864700
0.000056482
0.000028646
0.000027235
0.000261919
0.000768184
0.000077170
0.000052368
0.000033990
0.000028021
0.001726362
0.000066405
0.000469609
0.000041299
0.000036351
0.000025611
0.246311238
0.001784894
0.001280457
0.000032362
0.000024733
0.000022716
0.000022459
0.000022621
0.000024123
0.000022598
0.246797369
0.000690917
0.000051455
0.000718434
0.000036263
0.000023300
0.000020885
0.000100428
0.000028502
0.000280746
0.000024887
0.000021393
0.000020551
0.000020464
0.000021122
0.249055866
0.002702572
0.000043511
0.000024159
0.000044386
0.000013173
0.000011940
0.000012462
0.000011690
0.000011490
0.247772439
0.000053099
0.000035534
0.000011292
0.000008600
0.000008277
0.000008313
0.000017879
0.000013517
0.000011499
0.000008664
0.000008357
0.000010913
0.000010957
0.000010926
0.000010889
0.000011564
0.247971473
0.000618344
0.000031934
0.000019426
0.000017603
0.000017649
0.000016034
0.000016328
0.000016202
0.000539081
0.000026806
0.000516264
0.000026907
0.000019116
0.248632550
0.000051655
0.000026288
0.000020219
0.000031496
0.000023442
0.000027431
0.000022324
0.000023967
0.000071885
0.000051535
0.000034203
0.000027234
0.000024501
0.000024252
0.000023538
0.000023414
0.000023370
0.248990237
0.000036504
0.000019027
0.000018975
0.000017448
0.000019036
0.000017614
0.000017237
0.000016871
0.000017070
0.000016750
0.000016999
0.000016601
0.000017773
0.000017377
0.249787935
0.000779915
0.000063194
0.000032445
0.000028483
0.001005029
0.000103602
0.000030413
0.000028069
0.000027552
0.000028048
0.000026843
0.000027231
0.000027397
0.002475231
0.000080068
0.000032698
0.000028166
0.245640547
0.000025118
0.000011356
0.000010638
0.000009288
0.000009051
0.000008997
0.000009085
0.000009108
0.000009168
0.000009297
0.000009041
0.000010633
0.000008846
0.000008786
0.248202358
0.000051799
0.000038933
0.000793503
0.000039106
0.000024317
0.000026717
0.000023566
0.000023436
0.000023147
0.000022699
0.000022646
0.000022572
0.000022839
0.248639901
0.000025130
0.000013573
0.000012529
0.000013976
0.000013086
0.000012281
0.000012968
0.000013062
0.000012244
0.000012370
0.000013018
0.000012198
0.000012621
0.000012690
0.000012835
0.000012515
0.000012314
0.000012106
0.000012493
0.000012252
0.000012896
0.000012535
0.000012306
0.000012487
0.000012248
0.000012575
0.000012200
0.000012214
0.000012302
0.000012824
0.000012334
0.000013485
0.000012505
0.000012351
0.000012268
0.000012360
0.000012399
0.256291497
0.002728423
0.000398293
0.000011217
0.000007722
0.000007521
0.000007544
0.000007706
0.000007465
0.000007563
0.000007676
0.000007730
0.000007370
0.000007285
0.000007964
0.000007332
0.000007416
0.000007527
0.000007400
0.000007290
0.000007363
0.239124167
0.000019016
0.000008121
0.000008387
0.000007849
0.000007757
0.000007770
0.000007848
0.000008553
0.000007818
0.000007861
0.000019793
0.000012235
0.000012478
0.000012319
0.000012440
0.000735291
0.000028984
0.257369928
0.000054530
0.000029890
0.000027273
0.000027649
0.000027411
0.000027560
0.000027864
0.000301722
0.000041736
0.000029441
0.000028604
0.000027685
0.000027375
0.245539865
0.000031282
0.000014842
0.000013004
0.000013489
0.000014034
0.000016075
0.000015606
0.000016885
0.000014297
0.000042903
0.000016404
0.000014728
0.000013697
0.000013631
0.000013319
0.000015977
0.000014565
0.000013618
0.000014333
0.000013878
0.000013900
0.246470955
0.000718201
0.002083227
0.000719195
0.000428915
0.000021846
0.000012802
0.000012863
0.000012620
0.000011946
0.000013706
0.000012354
0.000012202
0.000011968
0.000011951
0.000012331
0.000012376
0.000012417
0.000012190
0.000011980
0.000011862
0.000012725
0.000012364
0.000012589
0.247629390
0.000041393
0.000016827
0.000016574
0.000012378
0.000012571
0.000330346
0.000816780
0.000153887
0.000312622
0.000018425
0.000012125
0.000011979
0.000010954
0.000010950
0.249864542
0.000059141
0.000032159
0.000030756
0.000031021
0.000030977
0.000030926
0.000030836
0.000031267
0.000030750
0.251209067
0.000056439
0.000023792
0.000098919
0.000029423
0.000024128
0.000016174
0.245916098
0.003869848
0.000042552
0.000013623
0.000010058
0.000009666
0.000009342
0.000009857
0.000009538
0.000010533
0.246127690
0.000930154
0.000026527
0.000097361
0.000037495
0.000560393
0.000027901
0.000018953
0.000018230
0.000018007
0.000017764
0.000018099
0.000018402
0.000017853
0.000018368
0.249898056
0.000039723
0.000026048
0.000024296
0.000024188
0.000023293
0.000023535
0.000023562
0.000023943
0.000023687
0.000023498
0.000023658
0.000053191
0.000068613
0.003140004
0.000056458
0.000029772
0.000026485
0.000026666
0.000026661
0.243816687
0.001119028
0.001006965
0.000651551
0.000511010
0.000019000
0.000011612
0.000011956
0.000010890
0.000010868
0.000010964
0.000011279
0.000010862
0.000011057
0.000010608
0.000010898
0.000010920
0.000011004
0.000010808
0.000011386
0.000011051
0.000011401
0.000010874
0.000010575
0.249078594
0.000058149
0.000035536
0.000029994
0.000029323
0.000029347
0.000028747
0.000029062
0.000029247
0.000028510
0.000029047
0.000029503
0.000028917
0.000028661
0.000029433
0.000028821
0.000028946
0.000028827
0.000028621
0.246119103
0.000047515
0.000020029
0.000018188
0.000018007
0.000017935
0.000017320
0.000017082
0.000017615
0.000017942
0.000017869
0.250723080
0.000486617
0.000038096
0.000037257
0.000020860
0.250664279
0.000058751
0.000030625
0.000028135
0.000028641
0.000028310
0.000028375
0.000028260
0.247109915
0.000035990
0.000022391
0.000020304
0.000020543
0.000020588
0.000024690
0.000021032
0.254747494
0.000049157
0.000028995
0.248648510
0.000026438
0.000034288
0.000539615
0.000025307
0.000016202
0.000016182
0.248585130
0.001344638
0.000046415
0.000025301
0.000022642
0.000028199
0.000023396
0.000022870
0.000023521
0.000022491
0.000022827
0.000022497
0.000022309
0.000022434
0.000021951
0.248571784
0.000048810
0.000028919
0.000069184
0.004831992
0.000062238
0.000035106
0.000030836
0.000029458
0.000030049
0.000029212
0.000029748
0.000029388
0.000028952
0.000029793
0.000032184
0.000029443
0.000029302
0.242159974
0.000044560
0.000017432
0.000016200
0.000020562
0.000016208
0.000016002
0.000016405
0.000016072
0.000015859
0.000016225
0.000016051
0.000016045
0.000016315
0.000015949
0.000015997
0.000015935
0.000016099
0.000015980
0.000015855
0.000015775
0.000016079
0.000015930
0.000016041
0.000016033
0.000016051
0.000016103
0.000015775
0.000016534
0.000015791
0.000016185
0.000015908
0.000015943
0.000016064
0.000015799
0.252143982
0.003827018
0.000287997
0.000571953
0.000033805
0.000025462
0.000021499
0.000021730
0.000023601
0.243998398
0.000027776
0.000015817
0.000015122
0.000014987
0.000015107
0.000014817
0.000015162
0.000015423
0.248412916
0.000022868
0.000025769
0.000022355
0.000016021
0.000015371
0.000015552
0.250035733
0.000363911
0.000020704
0.000010037
0.000007723
0.000007518
0.251172469
0.000876232
0.000109301
0.000066578
0.003204331
0.002127711
0.000023573
0.000008260
0.000007733
0.000007538
0.000007484
0.000007363
0.000007684
0.000007346
0.000007093
0.246585198
0.000043710
0.000023815
0.000022402
0.000021990
0.000021717
0.000022048
0.000022201
0.000021576
0.000021269
0.000021747
0.000021853
0.000020675
0.000020971
0.248338368
0.000053854
0.000032209
0.000030781
0.000031482
0.000030936
0.000030636
0.000032344
0.000031773
0.000031804
0.000030074
0.000030154
0.000030014
0.000030370
0.000030390
0.000030666
0.000030680
0.000030010
0.000029472
0.247787302
0.000713454
0.000039194
0.000027155
0.000025450
0.000024320
0.000024424
0.000026365
0.000024773
0.000024324
0.000024653
0.000024400
0.000024705
0.000024240
0.000025611
0.000024380
0.000024588
0.000024228
0.000024316
0.247866973
0.000037701
0.000027904
0.000383815
0.000044811
0.000015306
0.000013310
0.000013237
0.000012394
0.000012505
0.000012375
0.000012543
0.000012360
0.000012294
0.000012266
0.000012650
0.255035519
0.000029739
0.000015922
0.000008824
0.000364063
0.000020133
0.000007881
0.000007310
0.000007299
0.000007245
0.000007226
0.000007739
0.000007278
0.000007267
0.000007185
0.000007947
0.000007361
0.245226827
0.000017857
0.000007738
0.000007081
0.000006598
0.000007819
0.000006741
0.000006497
0.000007190
0.000007285
0.000008935
0.000007248
0.000007133
0.000007193
0.000007605
0.000006926
0.000008722
0.000007621
0.000007938
0.000007758
0.000009903
0.000007771
0.000007620
0.000007148
0.000007190
0.000008242
0.000007122
0.250940625
0.000035535
0.000022989
0.000022158
0.000021896
0.000022252
0.000022312
0.000021927
0.000021803
0.000021599
0.000021347
0.000021803
0.000021630
0.000022304
0.000021219
0.000021720
0.000021761
0.000021616
0.000021440
0.246051456
0.000048716
0.000031012
0.000029588
0.000028794
0.000024224
0.000023506
0.000024424
0.000840499
0.000041684
0.000026088
0.000024721
0.001985931
0.000720338
0.000052938
0.000035646
0.000024753
0.000024576
0.000022845
0.000022335
0.000016691
0.000015684
0.000015764
0.000015825
0.246510504
0.000051152
0.000031062
0.000031342
0.000030330
0.000032034
0.000030630
0.000073746
0.000027216
0.000022281
0.000021974
0.000021897
0.000021580
0.000021710
0.000021854
0.000021679
0.000021584
0.000022087
0.000022211
0.248214862
0.000017436
0.000007977
0.000007751
0.000009294
0.000008179
0.000017008
0.000008326
0.000007803
0.000007998
0.000008677
0.000008310
0.000007622
0.000009596
0.000009722
0.000008718
0.000011593
0.000009513
0.250317903
0.000054334
0.000018191
0.000045163
0.000020439
0.000017996
0.000017082
0.000017726
0.000017561
0.000014413
0.000017646
0.000017535
0.000016982
0.000017572
0.000017743
0.250913933
0.000023259
0.000011826
0.000010461
0.000010811
0.000010853
0.000010860
0.000011235
0.000011020
0.000010587
0.000010668
0.000011062
0.000010603
0.000010848
0.000011027
0.000010915
0.000011356
0.000010315
0.000010374
0.000009799
0.000009428
0.000008965
0.000008646
0.000009655
0.000009562
0.000008984
0.000009736
0.000009034
0.000009204
0.000009148
0.000008921
0.000008751
0.251237775
0.000053648
0.000032761
0.000029868
0.000029448
0.000037968
0.000031618
0.000030039
0.000030480
0.000031232
0.000029929
0.000030795
0.000030015
0.000030450
0.000031076
0.000030987
0.000031437
0.247485009
0.000072934
0.000073073
0.001068599
0.000061480
0.000051721
0.000016697
0.000028253
0.000060766
0.000010368
0.000007487
0.000007715
0.000007848
0.000007306
0.000008553
0.000008148
0.000008182
0.000007386
0.000007399
0.249260985
0.000059988
0.000052802
0.001254082
0.000064729
0.000039485
0.000033112
0.000032043
0.000031949
0.000030545
0.000031057
0.000031798
0.000031968
0.000030952
0.000031597
0.000031413
0.000031462
0.000031006
0.000030776
0.000031317
0.000031082
0.000030971
0.000030049
0.000031157
0.000030821
0.000031046
0.000029849
0.000030570
0.000030300
0.000030490
0.000030837
0.000030485
0.000061426
0.000068162
0.000037992
0.000030861
0.000033878
0.000030581
0.000030159
0.000030049
0.000053303
0.000030560
0.248871698
0.000028787
0.000009337
0.000008593
0.000007689
0.000007550
0.000007800
0.000008196
0.000008814
0.000016269
0.000008077
0.000007879
0.000007166
0.000007181
0.000007920
0.000007981
0.000007873
0.000008020
0.000008020
0.000007870
0.000007733
0.000007419
0.000007838
0.000008290
0.000008042
0.000007883
0.000008027
0.248053253
0.000049440
0.000028430
0.000026718
0.000027436
0.000027335
0.000025753
0.000026349
0.000028278
0.000028875
0.000026551
0.000026269
0.000026683
0.249775642
0.000055701
0.000029740
0.000029966
0.000027655
0.000027326
0.000033388
0.000028024
0.000027424
0.000027222
0.000026501
0.000032015
0.248616190
0.000036381
0.000020252
0.000019410
0.000019597
0.000018926
0.000024812
0.000039118
0.000020316
0.000020026
0.250936118
0.000069304
0.251119329
0.000041620
0.000025811
0.000024453
0.250158059
0.000058135
0.000049130
0.000021922
0.000057320
0.000022495
0.000020301
0.000019723
0.000019702
0.000019302
0.249503582
0.001497770
0.000810363
0.000040359
0.000027446
0.250020608
0.000089972
0.000027011
0.000020542
0.000019868
0.243506809
0.000019661
0.000007780
0.000007419
0.000007889
0.000007368
0.000007283
0.255021232
0.000049410
0.000025663
0.000024885
0.000023988
0.000024761
0.248568601
0.000540463
0.000027492
0.000015826
0.000016068
0.000194467
0.000020209
0.247207770
0.000048571
0.000027905
0.000024300
0.000023409
0.000023807
0.000023759
0.000023129
0.250155252
0.000051502
0.000782658
0.000040569
0.000029320
0.000026825
0.248988234
0.000491398
0.000033088
0.000426064
0.000381748
0.000019342
0.000012854
0.000012669
0.000011990
0.000013072
0.249463043
0.000055698
0.000034540
0.000032695
0.000039100
0.000032284
0.000030867
0.000031011
0.000043914
0.000014473
0.000014103
0.000014514
0.000014408
0.000013781
0.000013629
0.250292786
0.000519886
0.003455454
0.000063325
0.000033117
0.000040262
0.000031749
0.000033211
0.000031197
0.000030440
0.000031041
0.000031057
0.000031382
0.244199752
0.000854471
0.000058685
0.000034244
0.000035662
0.000032450
0.000033272
0.000032389
0.000031453
0.000030319
0.000029588
0.000031037
0.000031076
0.000033257
0.000032760
0.000031242
0.000029684
0.000031036
0.000030891
0.000030796
0.248958152
0.000048539
0.000027828
0.000026982
0.000027593
0.000027057
0.000027164
0.000026868
0.000026902
0.000026487
0.000026680
0.000027413
0.247439870
0.000016966
0.000008591
0.000007826
0.000008243
0.000007840
0.000007591
0.000008656
0.000007562
0.000008518
0.000007803
0.000007708
0.000007677
0.000007545
0.000007440
0.000008282
0.000007681
0.000007673
0.000007658
0.000007926
0.251855471
0.000029056
0.000016906
0.000014798
0.000014556
0.000017146
0.000014536
0.000014239
0.000014272
0.000014501
0.000014736
0.000014645
0.000014598
0.250712762
0.000079189
0.000060392
0.000036311
0.000033913
0.000034484
0.000033633
0.000028822
0.000027736
0.000027685
0.000028354
0.000028159
0.000027850
0.000028184
0.000029282
0.000028065
0.000028001
0.000027949
0.000028324
0.247547719
0.000020952
0.000076489
0.001213404
0.000033671
0.000016308
0.000015777
0.000016028
0.000015905
0.000014725
0.000014995
0.000015669
0.000015429
0.000014713
0.000014957
0.250240719
0.000036584
0.000021318
0.000019210
0.000026246
0.000020722
0.000019740
0.000020819
0.000020264
0.000019734
0.000020762
0.000020089
0.000020181
0.000019785
0.000019975
0.000019568
0.000020192
0.000020341
0.251116271
0.000036697
0.000036895
0.002255940
0.000414918
0.000033071
0.000347933
0.000030134
0.000012629
0.000011242
0.000011131
0.000011284
0.243315907
0.000017448
0.000008102
0.000007870
0.000007377
0.000007572
0.000007738
0.000007410
0.000007151
0.000007196
0.000007166
0.000007294
0.000007132
0.000007234
0.000007243
0.000007138
0.000007539
0.000007287
0.251655422
0.001168379
0.000055538
0.000030981
0.000030210
0.000037446
0.000029267
0.000029633
0.000030741
0.000029643
0.000030080
0.000029583
0.245849106
0.000029104
0.000016584
0.000015568
0.000015275
0.000014985
0.000015445
0.000015149
0.000014774
0.000015075
0.000015289
0.000015528
0.000015227
0.000014954
0.000014616
0.000015095
0.000015137
0.000014869
0.000015374
0.253094799
0.002263797
0.000064476
0.000030325
0.001415846
0.000038669
0.000011425
0.000011032
0.000008471
0.000009363
0.000008478
0.000008627
0.000009389
0.242940734
0.000405475
0.000023193
0.000012846
0.000012779
0.000012409
0.000012178
0.000012024
0.000012476
0.000012553
0.000012551
0.000012050
0.000012938
0.000012492
0.000012301
0.000012122
0.000012119
0.000012213
0.000013827
0.250770151
0.000036437
0.000022188
0.000021626
0.000021850
0.000021905
0.000022021
0.000021829
0.000049017
0.000046280
0.000023267
0.249001997
0.000033795
0.000019476
0.000017867
0.000020825
0.000019471
0.000017818
0.000020229
0.000018154
0.000046269
0.000020702
0.000018236
0.000017775
0.000018471
0.000017595
0.000018291
0.000018694
0.251926531
0.000056686
0.000038609
0.000956583
0.000045042
0.000029784
0.000028608
0.000029490
0.000027837
0.000027932
0.000028246
0.245725371
0.000025250
0.000013548
0.000013260
0.000012886
0.000029796
0.000018010
0.000017618
0.000017400
0.000018073
0.000017795
0.000017990
0.000017919
0.000017385
0.000017426
0.000017584
0.000017437
0.251965442
0.000927027
0.000049550
0.000032162
0.000029371
0.000026946
0.000067657
0.000063442
0.000052200
0.246134867
0.000029766
0.000017735
0.000016503
0.000016398
0.000017469
0.000016257
0.000016507
0.000016481
0.000016584
0.260516242
0.000025198
0.000008566
0.000007423
0.000007405
0.000007414
0.000007611
0.000007524
0.240889276
0.000712494
0.001237562
0.000543625
0.000449942
0.000022652
0.247984169
0.000067976
0.000053298
0.000032199
0.249815411
0.000397975
0.000019272
0.249581329
0.000054140
0.000029783
0.000031182
0.000028761
0.000028356
0.000028079
0.000028681
0.000030350
0.000028340
0.000027814
0.000028531
0.000028460
0.000029022
0.000028897
0.000028666
0.000028946
0.000028741
0.000028456
0.000028090
0.000028681
0.000027854
0.000027934
0.000028090
0.000028119
0.000028160
0.000028466
0.000028931
0.000028220
0.000028346
0.000028175
0.000028851
0.246981831
0.000020942
0.000009930
0.000009012
0.000009058
0.000009721
0.000010847
0.000010097
0.000007999
0.000011316
0.000011406
0.000011532
0.000010632
0.000011245
0.000010849
0.000010847
0.000010823
0.000010728
0.000011584
0.000009625
0.000011298
0.000009775
0.000012276
0.000010453
0.252103097
0.000035216
0.000018860
0.000018560
0.000018067
0.000018019
0.000020264
0.000018308
0.000018459
0.000018420
0.000018740
0.000018391
0.250823039
0.000447151
0.000292628
0.000020906
0.000014165
0.000013210
0.000012489
0.000012998
0.000012523
0.000012478
0.000012718
0.248107358
0.000075599
0.000036870
0.000036343
0.000033537
0.000032380
0.000033397
0.000033888
0.249944531
0.000041576
0.000025274
0.000024388
0.000024429
0.000024075
0.000024084
0.000024528
0.000024091
0.000024332
0.250204670
0.000054746
0.000033617
0.000030480
0.000028827
0.000029392
0.000029664
0.000029026
0.247990731
0.000032675
0.000019410
0.000019141
0.000018397
0.000018594
0.000018531
0.000018414
0.000018425
0.000018337
0.000018737
0.000018486
0.000018262
0.000018288
0.000053053
0.000019508
0.000018500
0.000018391
0.000018127
0.000018737
0.000018486
0.000018560
0.000018499
0.000018363
0.000018242
0.000018737
0.000020476
0.000019172
0.249733491
0.000053695
0.001396715
0.000094454
0.001317835
0.000081499
0.000035429
0.247961379
0.000044462
0.000024113
0.000023002
0.000022693
0.000022511
0.248434981
0.000029157
0.000015423
0.000015117
0.000015179
0.000015847
0.258011061
0.000018844
0.000008130
0.000007475
0.000007485
0.242323103
0.000810754
0.000037005
0.000025391
0.248856636
0.000041812
0.000023198
0.000021499
0.252709611
0.000058405
0.000034033
0.000031673
0.248437545
0.000051799
0.000030490
0.249054233
0.000065704
0.000750692
0.000038321
0.000025523
0.000023039
0.250448998
0.246535085
0.000018331
0.000008073
0.000007647
0.000010354
0.000007697
0.000008203
0.000008582
0.000008268
0.000008626
0.000007664
0.000008509
0.000007822
0.000007642
0.000008390
0.000008161
0.000007560
0.000007189
0.000008021
0.000007449
0.000007331
0.000007850
0.000009023
0.000017771
0.000026233
0.000011061
0.000008244
0.000008028
0.000008141
0.000008406
0.000007682
0.000007365
0.000006734
0.000006552
0.000007090
0.252663243
0.000092242
0.000099770
0.247774941
0.000043239
0.000024995
0.000026414
0.250054818
0.000049516
0.000044736
0.000020247
0.000012411
0.000008893
0.000007297
0.000007386
0.000007934
0.000007788
0.249023205
0.000020384
0.000018535
0.000552183
0.000021303
0.000009072
0.000010006
0.000373699
0.000987088
0.000402551
0.000020659
0.000010305
0.000009867
0.249139590
0.000083014
0.000032768
0.250771410
0.000056352
0.000036261
0.000029223
0.249074264
0.000051428
0.000030765
0.000025014
0.248540380
0.000044539
0.000016055
0.000014722
0.000014202
0.000014221
0.000014463
0.257390856
0.000054310
0.000111832
0.000124852
0.000065386
0.000033983
0.000029658
0.000041506
0.000029377
0.241897080
0.000365121
0.000018969
0.000012104
0.000011357
0.249764472
0.226010350
0.025257377
0.000034042
0.000020912
0.000021202
0.000020487
0.000019889
0.000020364
0.000021078
0.000020250
0.000020498
0.000020389
0.000021066
0.000020410
0.000019679
0.000019431
0.000019826
0.000023142
0.000021681
0.000021326
0.000019748
0.000019893
0.000020658
0.000020326
0.000019785
0.000018978
0.000027022
0.000021643
0.000021106
0.000022223
0.000045071
0.000042512
0.000023958
0.000025800
0.000024766
0.000022098
0.000053289
0.000055922
0.253315620
0.000431513
0.000021921
0.000011841
0.245769211
0.000044835
0.000025819
0.000024573
0.000025523
0.000024220
0.000024969
0.000024905
0.248860849
0.000055112
0.000033086
0.000031041
0.000030250
0.000034324
0.000030911
0.000030535
0.232309448
0.012417291
0.001674241
0.005930356
0.000036088
0.000019006
0.000017711
0.000017102
0.000016182
0.000016388
0.004430109
0.000018646
0.000005300
0.244330610
0.000038890
0.000023843
0.000023245
0.247517158
0.000026021
0.000012844
0.000012286
0.000012830
0.251184681
0.000060511
0.248757567
0.000031565
0.000016653
0.000016190
0.252135402
0.001731506
0.001673062
0.000670025
0.000033672
0.000024591
0.000019207
0.000018333
0.000018483
0.000018623
0.000018210
0.243550937
0.000033726
0.000021530
0.000019210
0.000018565
0.000018669
0.000019113
0.000018900
0.250821696
0.003705700
0.000081402
0.000050386
0.000034474
0.000034846
0.000031111
0.000031022
0.000030791
0.000030525
0.000030706
0.000031286
0.000030942
0.000030976
0.000033377
0.000030510
0.000028892
0.000028360
0.000030109
0.000030911
0.000062427
0.000012453
0.000015733
0.000010376
0.243716568
0.000018681
0.253203048
0.000048503
0.000026601
0.000024906
0.000024749
0.000025723
0.000025370
0.000024998
0.000024560
0.000026060
0.000035390
0.000034788
0.247451606
0.000512713
0.001554230
0.000051478
0.000038406
0.000017363
0.000026054
0.000012629
0.000011660
0.249809546
0.000032192
0.000016160
0.000015804
0.000015241
0.000015334
0.000016024
0.250173967
0.000292416
0.000144129
0.000673882
0.247719093
0.000045005
0.248266141
0.000029644
0.252598547
0.002266561
0.246706674
0.000058806
0.252227723
0.001204155
0.245015820
0.000023708
0.250706875
0.251652892
0.000663536
0.000058246
0.000043046
0.249068154
0.000051655
0.000027603
0.251048922
0.247258478
0.000030143
0.249023028
0.000815020
0.001324027
0.000035743
0.000421008
0.250298008
0.000779374
0.000053459
0.000025899
0.000026076
0.000023599
0.000023814
0.000023755
0.000025860
0.000023826
0.000023414
0.247157007
0.000043425
0.003046320
0.000038748
0.247805033
0.000040148
0.249545918
0.000032081
0.000037233
0.000032498
0.252144862
0.256077854
0.000557339
0.000023213
0.000015259
0.241184830
0.000052054
0.250616628
0.250988100
0.000393865
0.000143906
0.246888793
0.000060569
0.000631333
0.249616757
0.000049755
0.251958693
0.000374097
0.248111923
0.000611935
0.000028448
0.000017835
0.000018973
0.000019639
0.000017893
0.248387399
0.000051321
0.001145358
0.000715473
0.000352193
0.000746352
0.000035538
0.000681546
0.247689123
0.000032271
0.249729798
0.000027420
0.248755313
0.000026654
0.250623776
0.000051551
0.000040310
0.000027023
0.000022712
0.000050688
0.000025831
0.000019934
0.000018626
0.248539706
0.000448665
0.000167357
0.000015688
0.000013297
0.000012791
0.252333448
0.000889123
0.000088652
0.248011110
0.000072663
0.000022408
0.000020175
0.000025495
0.000020149
0.000029090
0.000016967
0.000018758
0.000019396
0.000018021
0.000019461
0.000018287
0.000019528
0.000018763
0.250017895
0.000060404
0.000033352
0.000039300
0.000036143
0.000030105
0.000035476
0.000031062
0.000074040
0.248963503
0.000107184
0.000048685
0.000029522
0.001046381
0.000048119
0.000029232
0.000027575
0.000027780
0.000027476
0.000027798
0.000028265
0.253106071
0.000050737
0.000022457
0.000019989
0.000019493
0.000021516
0.000019255
0.000019465
0.000019797
0.000019557
0.244374929
0.000040617
0.000027419
0.000022398
0.000022385
0.249661583
0.000027616
0.000020864
0.000012842
0.000012689
0.000012236
0.000012286
0.000012673
0.251310066
0.000416464
0.000088230
0.253633553
0.000084158
0.000033277
0.000032359
0.000030751
0.000031012
0.000031482
0.000030595
0.000031483
0.000030670
0.000030280
0.000031859
0.000032224
0.000030415
0.000030936
0.000030054
0.000030059
0.000030330
0.000030851
0.000030250
0.000030274
0.000031057
0.000030134
0.000030140
0.000030274
0.000030079
0.000030496
0.000030881
0.000030084
0.000030931
0.000031237
0.000030405
0.000030049
0.000030666
0.000030485
0.000030681
0.000030279
0.000030015
0.000029973
0.000030115
0.000030290
0.000030324
0.244300140
0.000225471
0.000347946
0.000685226
0.000041836
0.249974208
0.000032455
0.000017691
0.000016492
0.249896680
0.002614185
0.000047074
0.000013770
0.247409386
0.000041974
0.000023173
0.000021554
0.000023022
0.000022615
0.000022605
0.000022014
0.143125449
0.001086038
0.105444645
0.000053544
0.000031783
0.000030565
0.000030104
0.000035577
0.000030095
0.000029848
0.000030029
0.000030375
0.247249252
0.000041910
0.000032549
0.000013814
0.251868668
0.002184253
0.245839644
0.000018842
0.000009747
0.000008975
0.000008528
0.000009410
0.000008391
0.000008423
0.000008383
0.000008672
0.000008457
0.000008514
0.000008625
0.250181467
0.000042137
0.000023548
0.000022619
0.000021523
0.252330585
0.000070655
0.247419999
0.000017402
0.000007609
0.000009155
0.250324279
0.000050221
0.001068311
0.251265959
0.000061936
0.000067392
0.000044612
0.000027446
0.246958055
0.000456474
0.000026440
0.252164665
0.002869046
0.000034974
0.000020073
0.000015360
0.000012422
0.000012500
0.000011330
0.000011334
0.000011022
0.000011935
0.000011394
0.000011022
0.000011403
0.000011264
0.000010848
0.000013443
0.000016840
0.000015387
0.000014975
0.000012483
0.000010316
0.246341132
0.000021994
0.000023475
0.000021912
0.251521321
0.000883736
0.000032405
0.000933085
0.000893128
0.246205456
0.000044907
0.000024770
0.000024523
0.000022054
0.000022455
0.249711016
0.000054766
0.000023547
0.000025295
0.000022014
0.000022394
0.249272056
0.000050797
0.000031375
0.000028363
0.000027093
0.000028225
0.000028711
0.250842397
0.000772805
0.000058192
0.000020080
0.000016154
0.249130482
0.000020817
0.000010331
0.000009486
0.000009576
0.248999981
0.000019635
0.000010725
0.248413878
0.000407412
0.000020069
0.252813422
0.000054661
0.001035709
0.000069986
0.000039717
0.000918088
0.000046171
0.000031759
0.000032755
0.000030004
0.244365223
0.000024395
0.000013193
0.000012571
0.000010509
0.000009647
0.000009348
0.000008517
0.000008992
0.000009377
0.000008995
0.000009481
0.000008889
0.000008410
0.000008526
0.000008862
0.000008645
0.000009039
0.000009216
0.000008378
0.000008446
0.000008834
0.000009525
0.000008114
0.000009310
0.000008696
0.000008598
0.000008611
0.000008728
0.000007613
0.000008572
0.000008236
0.250744759
0.000389987
0.002653044
0.000243336
0.000448070
0.000254373
0.000258953
0.000015128
0.000711323
0.000042890
0.000012257
0.000010543
0.000011681
0.000011238
0.243711175
0.000666506
0.001076437
0.000045597
0.000034291
0.000013788
0.000010985
0.000011953
0.000010810
0.000011323
0.000011127
0.000011884
0.000011037
0.000011114
0.000020947
0.000014155
0.000014100
0.000014105
0.249184931
0.000031764
0.000008333
0.000007610
0.000007883
0.000007338
0.000007453
0.000007408
0.000007563
0.248429925
0.000017212
0.000007793
0.000007115
0.000007362
0.000007691
0.000007342
0.000007168
0.000007043
0.000006921
0.000007137
0.000006928
0.000006869
0.252789711
0.002050994
0.000087329
0.000036957
0.244579895
0.000024364
0.003710637
0.000042635
0.000019413
0.000016162
0.248700861
0.000057541
0.000036613
0.000032506
0.251618698
0.004494481
0.003142257
0.000050928
0.000010550
0.244998231
0.000049580
0.000037957
0.000032725
0.242887552
0.000040435
0.000017404
0.000014724
0.000017974
0.253049155
0.000034925
0.000016152
0.249464809
0.000028311
0.000011541
0.000011033
0.000010696
0.000010315
0.000011082
0.000010906
0.248573871
0.000029290
0.000015568
0.000014970
0.000015147
0.000015102
0.000016032
0.000015970
0.249819748
0.000587056
0.000032557
0.000009274
0.000009722
0.000009800
0.000009949
0.000010529
0.000010059
0.249611180
0.000020958
0.000011261
0.000011482
0.000008929
0.000008312
0.000008411
0.000008654
0.249297874
0.000053708
0.000027679
0.000027347
0.000025976
0.000026533
0.251363654
0.001672466
0.000029447
0.000013371
0.246447285
0.000020509
0.000007972
0.000008739
0.000009020
0.000007803
0.000007924
0.250471519
0.000052237
0.000038996
0.000624915
0.000057776
0.001436581
0.000038760
0.000019880
0.000017627
0.000018780
0.249901531
0.000020199
0.000009398
0.000008890
0.000008506
0.000008602
0.000008881
0.000008847
0.000008706
0.000008391
0.248063492
0.000042535
0.000018832
0.000017830
0.000018053
0.000017706
0.000020957
0.000018528
0.000017945
0.000017872
0.000017821
0.000017999
0.251441225
0.000053092
0.000019730
0.000016261
0.000016177
0.000016964
0.000016408
0.000016064
0.250821241
0.000041436
0.000022264
0.000049695
0.000042514
0.000042254
0.000032328
0.249565664
0.000038523
0.000028255
0.000015658
0.000014194
0.000017254
0.000016514
0.000054203
0.000043939
0.000017366
0.000016418
0.000013838
0.000013537
0.000013300
0.000013018
0.000012279
0.000012472
0.000012539
0.000012906
0.000012202
0.000012501
0.000012699
0.000012657
0.000018312
0.000021145
0.000016468
0.000016999
0.000012503
0.000011544
0.000014858
0.000021317
0.000012878
0.002050991
0.000924307
0.000034845
0.000016195
0.000014004
0.000013146
0.000013133
0.000013210
0.000012940
0.000013090
0.000012976
0.000013252
0.000013215
0.000013196
0.000013599
0.000013433
0.000017245
0.000007514
0.000007598
0.000008237
0.244026883
0.000848222
0.000043952
0.000023891
0.000021754
0.000020660
0.250239136
0.000080098
0.000025728
0.000019963
0.000020350
0.000019674
0.000019107
0.247014754
0.000025078
0.000012395
0.000012090
0.000011528
0.254045241
0.000030435
0.000018245
0.000017266
0.000018142
0.000017085
0.000017013
0.000017486
0.000017019
0.000016899
0.251651266
0.001824837
0.000448783
0.000020770
0.000010449
0.000009857
0.000009628
0.000010483
0.000010016
0.000011468
0.000009742
0.000009373
0.243239628
0.000039616
0.000149830
0.000912085
0.000064663
0.250538852
0.000052756
0.000016390
0.000014022
0.000014196
0.000014632
0.000016452
0.000014441
0.000014055
0.000014645
0.249590246
0.000115250
0.000040368
0.000030329
0.000017332
0.000018241
0.000017680
0.000014918
0.000014882
0.000012247
0.000021554
0.000016245
0.000014612
0.246581990
0.000026158
0.000013547
0.251468796
0.000051815
0.000031317
0.248745295
0.002020042
0.250471948
0.000046793
0.248143149
0.000082719
0.000048187
0.000946053
0.000070424
0.000922457
0.000062179
0.000029888
0.000027195
0.000027303
0.000026585
0.000027151
0.000026845
0.000033148
0.249504653
0.000035171
0.000020502
0.000017493
0.000016072
0.000015821
0.000015804
0.000016143
0.251302960
0.000808845
0.000039301
0.000606425
0.000049929
0.000051541
0.250181291
0.000040041
0.000017284
0.000016222
0.000015310
0.000015309
0.000015467
0.000015146
0.247035328
0.003887314
0.000798034
0.000185948
0.000104677
0.000014614
0.000009390
0.243577404
0.002096697
0.000038320
0.000031806
0.000015415
0.000014826
0.000014686
0.249653663
0.000894047
0.000031033
0.000012112
0.000011541
0.246913685
0.000036799
0.000021756
0.000019628
0.000019911
0.000020006
0.000020381
0.000019880
0.250639970
0.000061827
0.000081626
0.000961568
0.000049589
0.000031833
0.000031468
0.000031537
0.247796379
0.000053924
0.000034243
0.000033521
0.000031968
0.001245767
0.000072812
0.000040915
0.000036794
0.000993377
0.000040978
0.000024516
0.000022282
0.000022304
0.000019853
0.000021299
0.000019758
0.000019328
0.000019482
0.000019251
0.000026110
0.000022458
0.000020246
0.000019933
0.000019906
0.248367697
0.000043233
0.000022706
0.000021439
0.000022642
0.000022412
0.000021459
0.000022402
0.000022341
0.247663069
0.001104418
0.000046960
0.002266250
0.000032415
0.000050298
0.007729942
0.000094683
0.000039837
0.000015029
0.000008819
0.000007890
0.000007952
0.000007416
0.000008019
0.000007550
0.000007705
0.000007760
0.240587611
0.000057949
0.000034695
0.000032314
0.000031688
0.000034384
0.000032089
0.000034554
0.000030811
0.000030661
0.000029543
0.000030230
0.000031632
0.000030616
0.000030134
0.250085461
0.000051111
0.000024383
0.000021202
0.000022321
0.000023464
0.000022599
0.000021927
0.000021710
0.000021129
0.000027847
0.000035117
0.000028971
0.000026283
0.249355157
0.000951113
0.000052196
0.000029757
0.000027763
0.000031721
0.000027441
0.000027499
0.000027967
0.000029664
0.000027613
0.000027763
0.000028033
0.000028113
0.249477726
0.002939463
0.000746799
0.000728212
0.001596659
0.000114243
0.000705019
0.000071238
0.000040182
0.000021269
0.242373027
0.000044912
0.000027672
0.000027290
0.000026456
0.000027651
0.000028951
0.000027160
0.000026986
0.000026056
0.000026399
0.000027035
0.000026670
0.000026876
0.000026198
0.000026077
0.000026074
0.000026453
0.000026425
0.000026161
0.000026560
0.000026349
0.000026149
0.000026461
0.000025963
0.000025975
0.000026394
0.000026452
0.000026991
0.000026015
0.000026919
0.000026065
0.000026545
0.000025900
0.000026270
0.000026010
0.248030029
0.000034001
0.000019525
0.000019264
0.000019474
0.000019230
0.254905072
0.000048426
0.000015762
0.000013808
0.000013563
0.000013984
0.000014141
0.000013886
0.000013787
0.244994983
0.001422247
0.000040009
0.000021506
0.000020453
0.000020367
0.000019963
0.247842054
0.000039723
0.000023176
0.000022866
0.000022298
0.000022404
0.000026428
0.000022562
0.252118580
0.000503995
0.000044904
0.000018898
0.000015313
0.000016298
0.000014490
0.000014924
0.250303315
0.000117643
0.000033192
0.000026189
0.000025988
0.000026525
0.000025198
0.000025542
0.245072545
0.000037863
0.000026299
0.000485022
0.000033698
0.000014068
0.000012801
0.251253811
0.000044813
0.000022214
0.000026641
0.000022652
0.000021667
0.249868520
0.000043546
0.000020395
0.000017947
0.000016452
0.000014141
0.000013635
0.253973974
0.000956509
0.000108315
0.000036811
0.000028366
0.000027081
0.000026799
0.000027419
0.000026723
0.242517311
0.000028958
0.000014431
0.000008189
0.000007831
0.000010979
0.000011979
0.000015186
0.000007884
0.000006496
0.000005450
0.252209482
0.000055936
0.000044158
0.000033661
0.000073911
0.000052985
0.000036829
0.000032627
0.249766491
0.001559154
0.000095693
0.000023478
0.000011163
0.000011283
0.000011628
0.000011799
0.000009181
0.000010894
0.000010548
0.247492412
0.001333049
0.000056975
0.000031455
0.000029441
0.000027258
0.000026750
0.000026106
0.000026626
0.000027111
0.000027961
0.000027539
0.250994260
0.000174992
0.000217999
0.000893137
0.001181601
0.000039242
0.000008862
0.000008760
0.000007483
0.245329491
0.000045307
0.000024908
0.000015699
0.000020473
0.000020684
0.000021661
0.000020210
0.000021175
0.000019699
0.000020998
0.000020731
0.000027868
0.000033700
0.000031272
0.000028633
0.000025014
0.000039144
0.249515204
0.000035329
0.000143427
0.001180805
0.000049170
0.000026465
0.000026577
0.249125728
0.000056906
0.000032405
0.000036363
0.000030932
0.000029863
0.000033818
0.000030801
0.000138724
0.000037602
0.247325003
0.000030751
0.000016929
0.000016481
0.000017250
0.000019525
0.000016264
0.000016302
0.000016516
0.000016461
0.000016358
0.000016913
0.255516366
0.000063721
0.000032310
0.000035266
0.246580296
0.000051513
0.000765602
0.000050132
0.000026394
0.000025772
0.000037163
0.000047413
0.000027463
0.000024693
0.000023935
0.000023501
0.000023447
0.000023521
0.000023407
0.000023377
0.000056854
0.000024624
0.000024216
0.000023574
0.000023705
0.000023550
0.000023030
0.000023534
0.000023524
0.000023203
0.000022967
0.000023470
0.000023301
0.000023858
0.000023217
0.000023214
0.000022598
0.000023290
0.000026151
0.000023494
0.000023019
0.253872372
0.001023139
0.241896448
0.000078611
0.001372840
0.249345121
0.000054506
0.000023322
0.250049970
0.000062539
0.000037501
0.000032831
0.000032399
0.000031954
0.000031638
0.000032364
0.251343691
0.000053994
0.000033347
0.000031517
0.000030666
0.000029914
0.000030705
0.247055979
0.000023128
0.000012589
0.000010737
0.000010957
0.000010938
0.000011121
0.000011498
0.000011482
0.000011617
0.252673052
0.000056516
0.000034795
0.000031156
0.000031904
0.000031537
0.000031473
0.246818186
0.000025503
0.000014716
0.000013723
0.000012585
0.000012423
0.000012513
0.000013327
0.000012476
0.000012447
0.000012441
0.251143273
0.000035293
0.000040306
0.000683805
0.000038225
0.000020401
0.000018308
0.248503635
0.000157665
0.000023009
0.000146085
0.000518186
0.000022127
0.000014668
0.000012671
0.000012673
0.000012218
0.000012702
0.000012314
0.000012196
0.000012595
0.000012226
0.000013660
0.000012422
0.000012196
0.000012599
0.000013259
0.000012416
0.000012469
0.000012351
0.000012095
0.000011747
0.000012156
0.000013608
0.253362085
0.000024873
0.000011641
0.000008166
0.000008802
0.000007583
0.000006920
0.000007142
0.000007876
0.000008200
0.000008139
0.000008002
0.000007881
0.000007729
0.000007867
0.000007714
0.000008263
0.000007216
0.000007300
0.000007846
0.000008320
0.000007096
0.000007812
0.000007487
0.000007365
0.000007919
0.000007693
0.000007574
0.000007238
0.000008048
0.000007123
0.000007381
0.000007242
0.245023876
0.000045137
0.000026738
0.000024055
0.000022543
0.000022204
0.000023628
0.000023039
0.000023444
0.000022819
0.000022124
0.000022312
0.000022541
0.000022720
0.000022996
0.000022455
0.000022268
0.000022485
0.000023437
0.000022896
0.000022081
0.000021998
0.000022481
0.000021960
0.000021968
0.000022665
0.000022008
0.000022312
0.000022153
0.000022154
0.000023013
0.000022359
0.000022161
0.000021667
0.000022501
0.000022338
0.000023214
0.000022451
0.000022218
0.000022332
0.000023564
0.000022946
0.251259121
0.000488208
0.000025677
0.000015299
0.000013856
0.000013615
0.000012625
0.000012674
0.000013645
0.000012958
0.000014343
0.000012573
0.000012865
0.000013187
0.000012458
0.000012461
0.000012743
0.000013000
0.000012565
0.000012671
0.000012547
0.000012016
0.000012393
0.000012520
0.000012204
0.000012375
0.000012384
0.000013000
0.000012605
0.000012433
0.000012224
0.000012848
0.000012559
0.000012266
0.000013030
0.000012617
0.248903812
0.000033045
0.000029316
0.000018259
0.000018469
0.000023577
0.000716008
0.000593764
0.000031438
0.000019379
0.000019189
0.000019345
0.000018918
0.000019026
0.000018746
0.000018569
0.000018846
0.000018574
0.000018423
0.000018425
0.000018723
0.000019256
0.000018362
0.000018228
0.000018525
0.000018520
0.000019241
0.246312557
0.000405004
0.000025882
0.000010088
0.000008979
0.000008791
0.000008146
0.000007981
0.000007854
0.000029766
0.000008707
0.000008852
0.000008042
0.000008654
0.000009665
0.000369553
0.000347513
0.249826832
0.000050186
0.000036557
0.000765923
0.000589731
0.001936534
0.000055692
0.000026668
0.000023430
0.000022174
0.000022412
0.000023818
0.000024427
0.000022728
0.249886159
0.000049262
0.000028080
0.000026702
0.000026834
0.000026517
0.000024853
0.000023971
0.000024625
0.000026561
0.000058374
0.000051342
0.000035093
0.247587344
0.000825481
0.000595280
0.000048351
0.000027253
0.000024306
0.000023792
0.000022929
0.000022732
0.000025105
0.000021610
0.000022581
0.000022155
0.000061805
0.000035181
0.000030480
0.000030370
0.000023979
0.000025394
0.000023408
0.000021820
0.000022713
0.000022445
0.000021846
0.000022229
0.000022711
0.000022098
0.000022181
0.000025496
0.000032584
0.000030778
0.000029317
0.000026203
0.000009316
0.000009233
0.244327497
0.000024921
0.000012659
0.000012171
0.000013166
0.000012539
0.000013218
0.000012627
0.000012248
0.000012355
0.000012418
0.000012403
0.000012238
0.000012140
0.000012643
0.000012589
0.000012288
0.000012084
0.000012453
0.000012372
0.000012577
0.000012263
0.000012472
0.000013096
0.000013149
0.000012396
0.000012250
0.000012281
0.000012282
0.255895425
0.001280914
0.000636058
0.000030272
0.000018870
0.000017606
0.000017606
0.000018084
0.000017343
0.000018251
0.000018099
0.000017964
0.000017257
0.000016953
0.000017466
0.000018073
0.000017686
0.000017446
0.000017629
0.000017695
0.000017117
0.000401749
0.000012038
0.000007577
0.000007673
0.000007405
0.000007380
0.242773504
0.000677242
0.000042899
0.000023604
0.000021915
0.000022554
0.000027326
0.000025275
0.000024737
0.000023922
0.000023581
0.000022429
0.000022073
0.000022396
0.000020998
0.000022445
0.000022645
0.000022251
0.000021884
0.000021550
0.000022288
0.000022314
0.000022639
0.000024016
0.000023290
0.000022184
0.000022101
0.000022769
0.000023056
0.000022105
0.000022084
0.000021977
0.000022101
0.000022609
0.000022070
0.000023043
0.000021857
0.000022425
0.000022583
0.248919136
0.002047627
0.000119493
0.000024430
0.000018589
0.001189653
0.000704733
0.000027129
0.000010573
0.000010238
0.000009974
0.000010014
0.000010074
0.000010012
0.000009686
0.000010384
0.000010188
0.000009651
0.000010006
0.000010205
0.000009752
0.000010039
0.000010826
0.000009922
0.000009801
0.000009738
0.000009792
0.243673014
0.000026486
0.000014650
0.000028955
0.000503110
0.001411537
0.000501207
0.001522375
0.000477188
0.000702292
0.000804893
0.000445680
0.000047637
0.000015755
0.000013130
0.000013022
0.000012665
0.000012832
0.000012951
0.000012770
0.000012519
0.000013358
0.000013668
0.000012683
0.000012791
0.000012796
0.000012487
0.000012529
0.000012701
0.000013148
0.000012795
0.000013022
0.248744956
0.000043306
0.000521160
0.000028723
0.000017921
0.000015447
0.000015245
0.000014341
0.000014862
0.000015778
0.000014808
0.000015440
0.000014869
0.000014311
0.000014568
0.000015394
0.000015043
0.000015266
0.000015492
0.000015077
0.000014843
0.245356729
0.000737091
0.000042111
0.000014211
0.000012057
0.000011794
0.000013162
0.000011829
0.000011984
0.000011662
0.000011623
0.000012285
0.000011855
0.000012250
0.000012250
0.000012036
0.000012086
0.000011909
0.000010835
0.000011946
0.000014026
0.000017179
0.000016735
0.000014407
0.000014177
0.000012523
0.000012765
0.000017909
0.248424755
0.000043901
0.000026012
0.000022913
0.000022415
0.000021714
0.000023494
0.000021755
0.000026068
0.000022439
0.000023731
0.000023334
0.000630531
0.000051815
0.000027752
0.000026313
0.000025145
0.000025487
0.000026048
0.248089769
0.000034810
0.000014019
0.000012174
0.000012244
0.000011907
0.000011791
0.000012214
0.000012033
0.000011693
0.000011771
0.000012258
0.000011658
0.000012279
0.000011998
0.000011888
0.000011789
0.255236062
0.000068523
0.000036554
0.000031653
0.000031993
0.000037712
0.000030165
0.000031628
0.000031141
0.000030440
0.000030310
0.000032455
0.000031091
0.000029869
0.000029954
0.000030961
0.243304264
0.001696556
0.000036490
0.000014101
0.000012021
0.000015743
0.000011653
0.000011545
0.000010579
0.250602891
0.000042805
0.000019715
0.000020281
0.000025351
0.000020738
0.000020641
0.000026110
0.000023417
0.247571187
0.000024834
0.000014592
0.000013017
0.000012804
0.000012546
0.000012213
0.250314889
0.000042032
0.000025535
0.000025294
0.000024000
0.000023794
0.250178600
0.000026818
0.000019258
0.000443331
0.000706405
0.002104517
0.000400713
0.000015979
0.248574393
0.000053777
0.000028751
0.000027214
0.000027284
0.000027263
0.000026871
0.247401218
0.000046742
0.000008613
0.000007875
0.000010547
0.000008208
0.000009066
0.249574218
0.000019732
0.000021882
0.000016772
0.000012358
0.000011921
0.000011956
0.000012014
0.000011440
0.000014161
0.000011476
0.000011390
0.000011424
0.000011444
0.000011454
0.000014621
0.000011495
0.000011770
0.000011570
0.000011231
0.000011641
0.000039301
0.000012110
0.000011405
0.000011196
0.000011340
0.000011204
0.000011373
0.000011426
0.000012094
0.000011445
0.000011433
0.000011437
0.000011249
0.000011206
0.000011146
0.000011454
0.000011374
0.000011282
0.000011301
0.000011632
0.000011808
0.000011180
0.000011526
0.252733101
0.000050051
0.000031662
0.000027965
0.000020151
0.000019580
0.000023595
0.000029117
0.000032720
0.000031407
0.000030500
0.000028566
0.000031382
0.000064885
0.000063130
0.000043791
0.000034254
0.000031678
0.000030445
0.000029903
0.000037489
0.000010881
0.000011098
0.000010374
0.000010493
0.000010604
0.000010810
0.000010760
0.000016680
0.247268007
0.000039972
0.000023664
0.000030735
0.000009314
0.000008774
0.000009758
0.000008782
0.000008675
0.000008683
0.000008641
0.000008701
0.000008720
0.000008656
0.000008165
0.000007950
0.000008183
0.000007703
0.000007374
0.000007766
0.000007381
0.000007620
0.250046989
0.000062754
0.000035296
0.000031673
0.000030064
0.000030430
0.000030691
0.000030836
0.000030465
0.000030064
0.000030581
0.000031136
0.000033457
0.000031137
0.000029964
0.000030450
0.000030330
0.000031112
0.000030244
0.000030029
0.000030866
0.000030851
0.000030485
0.000029965
0.000031056
0.000031668
0.000030575
0.000030285
0.000031272
0.000029783
0.248647033
0.000498385
0.000035522
0.000014160
0.000014395
0.000012750
0.000012112
0.000013284
0.000032505
0.000018921
0.000018527
0.000017877
0.000015562
0.000014656
0.000013705
0.000012818
0.000012759
0.000012966
0.000012860
0.000012246
0.000012440
0.000012403
0.000012974
0.000012882
0.000017111
0.249057273
0.001938244
0.000050072
0.000026648
0.000025094
0.000024216
0.000024721
0.000025929
0.249695609
0.000062331
0.000042723
0.000046463
0.000019731
0.000021553
0.000017852
0.000017492
0.000018311
0.000017766
0.000017853
0.247386561
0.000407115
0.000356897
0.001032686
0.000408302
0.000040059
0.000034693
0.247031032
0.000040232
0.000024069
0.000022579
0.000023123
0.000018944
0.000019247
0.253693876
0.000347135
0.004306073
0.001508400
0.000301997
0.242192098
0.000676696
0.000568749
0.000096007
0.001081806
0.001177377
0.245925996
0.000054144
0.000032901
0.000029889
0.000028781
0.000029067
0.000031217
0.000030976
0.000029533
0.247663588
0.000040794
0.000023057
0.000022588
0.000021877
0.000022004
0.000021823
0.000021971
0.000022378
0.252737831
0.001349281
0.000075494
0.000031637
0.000027980
0.000028349
0.000026930
0.245492177
0.000032386
0.000018595
0.000017952
0.000028884
0.000019029
0.000018907
0.000018846
0.254142893
0.000439301
0.000352459
0.000013994
0.000008303
0.000007813
0.000007766
0.000007927
0.000007940
0.000007478
0.000007730
0.248119112
0.001999354
0.001980079
0.000193233
0.000566347
0.000658069
0.000422619
0.000032909
0.000020476
0.000014252
0.000009394
0.000009059
0.000008366
0.245403208
0.000866986
0.000041659
0.000026846
0.000024877
0.000024156
0.000022434
0.000022142
0.000021780
0.000021483
0.000021144
0.000021183
0.000021787
0.000734427
0.000038528
0.000024594
0.000023494
0.000023341
0.000022989
0.000022589
0.000022422
0.000022902
0.000022622
0.243337518
0.000034978
0.000016891
0.000014709
0.000014724
0.000014848
0.000014455
0.000012085
0.000011494
0.000011761
0.000011592
0.000011457
0.000011219
0.000011203
0.000011746
0.000011534
0.251263654
0.000686971
0.000034687
0.000021964
0.000020891
0.000020658
0.000019728
0.000020274
0.000020647
0.000020665
0.000021054
0.000020565
0.000020564
0.000020313
0.000022689
0.000020868
0.000020778
0.000020504
0.000020747
0.248011775
0.000508266
0.000430630
0.000037696
0.000023184
0.000930713
0.000051820
0.000015827
0.000012452
0.000011547
0.000011297
0.000012258
0.000012277
0.000011902
0.000011887
0.000011756
0.000011936
0.000012145
0.000011947
0.000011643
0.000012374
0.000012410
0.000012068
0.000011698
0.000011587
0.000012596
0.000011722
0.000011862
0.000011739
0.248839855
0.000806604
0.002556541
0.004222192
0.000022035
0.000008297
0.000007892
0.000007880
0.000007954
0.000007484
0.000007824
0.000007515
0.000007900
0.000007533
0.000008379
0.000007720
0.000007554
0.000007511
0.000007345
0.000020021
0.243985146
0.000018363
0.000008631
0.000008728
0.000008307
0.000010765
0.000009301
0.000008578
0.000009130
0.000008007
0.000008275
0.000008080
0.000008194
0.000009002
0.000034992
0.000022652
0.000034746
0.000011792
0.000011506
0.000011658
0.000011722
0.000010422
0.000009761
0.000008939
0.000009120
0.000008681
0.000008580
0.000009445
0.000009985
0.248067508
0.000051134
0.000725807
0.006356009
0.000085225
0.002849410
0.000027573
0.000009812
0.000008537
0.000008202
0.000007084
0.000007382
0.000008252
0.000007737
0.000015696
0.000015123
0.000010043
0.000009212
0.000007727
0.000007864
0.000007785
0.000008371
0.000008693
0.000008210
0.000009986
0.000007538
0.000008553
0.000007267
0.000008707
0.000007281
0.000008453
0.000008114
0.000007652
0.000007483
0.238748089
0.000029729
0.000017700
0.000016969
0.000017969
0.000020044
0.000017831
0.000017848
0.000016701
0.000016590
0.000016211
0.000016565
0.000016222
0.000015945
0.000016057
0.000016002
0.000017076
0.000016601
0.000015914
0.000015994
0.000016366
0.000016871
0.000016951
0.000016633
0.000016181
0.000016232
0.000018437
0.000016836
0.000017622
0.000016595
0.000016465
0.000016238
0.000016224
0.000016531
0.000016360
0.251505547
0.000061084
0.000710759
0.000747328
0.000461367
0.000021451
0.000014455
0.000013187
0.000012288
0.000011707
0.000011315
0.000012019
0.000011860
0.000012755
0.000011316
0.000012100
0.000011927
0.000011313
0.000012682
0.000011782
0.000011677
0.000011679
0.000011282
0.000011504
0.000012198
0.000027694
0.000012978
0.000011563
0.000011449
0.000011417
0.000011968
0.000011319
0.000011742
0.000012051
0.000012218
0.244281263
0.000029943
0.000016591
0.000015448
0.000016207
0.000014923
0.000015412
0.000015152
0.000015413
0.000015253
0.000014852
0.000014836
0.000015030
0.000014775
0.000014825
0.000015317
0.000014917
0.000014674
0.000014612
0.000014917
0.000014782
0.000015150
0.253969221
0.000838697
0.000038839
0.000023351
0.000022318
0.000022492
0.000023588
0.000023691
0.000022455
0.000022324
0.000022365
0.000021867
0.000021764
0.000022375
0.000022244
0.000022234
0.000022723
0.000021636
0.000021423
0.000021847
0.000021493
0.000041095
0.244263194
0.000024031
0.000012659
0.000013575
0.000012453
0.000011982
0.000012388
0.000012647
0.000012303
0.000012160
0.000012464
0.000013235
0.000012212
0.000012918
0.000012693
0.000461468
0.000022716
0.000012708
0.000012033
0.000011922
0.000011989
0.000012080
0.000012210
0.000011920
0.000011901
0.000011992
0.000011949
0.000011964
0.000012394
0.000012230
0.000012305
0.000444940
0.000021128
0.000012357
0.000012787
0.252063946
0.000993647
0.000141586
0.000042062
0.000033181
0.000032575
0.000030450
0.000031658
0.000031813
0.000031257
0.000031127
0.000031147
0.000030951
0.000032515
0.000030410
0.000028826
0.000028866
0.000028932
0.000031748
0.000030450
0.000028110
0.000029312
0.000031162
0.000030250
0.000029949
0.000032003
0.246398083
0.000051098
0.000016546
0.000014355
0.000012652
0.000012775
0.000012633
0.000012972
0.000012675
0.000012732
0.000012379
0.250099585
0.003408719
0.001089231
0.000094493
0.000187802
0.000148897
0.001549799
0.000123178
0.000036925
0.000030620
0.243439801
0.000035388
0.000014480
0.000014133
0.000014319
0.000014678
0.000014506
0.000014316
0.000014327
0.000014419
0.000014396
0.249174947
0.000242994
0.000646999
0.000033898
0.000018194
0.000016850
0.000017260
0.000017388
0.248973698
0.000925974
0.000022688
0.000009880
0.000009160
0.000009052
0.000009263
0.000009204
0.252989466
0.000493023
0.000019408
0.000012031
0.000011366
0.000011131
0.000011339
0.000011221
0.249032883
0.000457857
0.000017272
0.000007680
0.000008151
0.000007637
0.000007394
0.000007342
0.000007493
0.000007357
0.000007387
0.000007962
0.000006992
0.000007619
0.000007359
0.000007202
0.000007409
0.000007330
0.247143975
0.000048231
0.000030390
0.000029985
0.000024877
0.000024067
0.000023839
0.000024108
0.000023141
0.000023374
0.000023109
0.000023911
0.249201026
0.000200873
0.000636678
0.000057282
0.000017918
0.000015599
0.001559707
0.000037544
0.000016698
0.000014246
0.000017951
0.000015498
0.000013686
0.000014347
0.000014397
0.000013985
0.000013865
0.248200614
0.000085472
0.000057357
0.000034224
0.000032996
0.000031126
0.000030721
0.000031783
0.000031187
0.000029438
0.000028004
0.000030285
0.000030310
0.000030009
0.000029383
0.000028831
0.000029312
0.000031518
0.000029403
0.000029813
0.000028345
0.000028712
0.000029923
0.000029092
0.000030576
0.000030941
0.250188412
0.000030774
0.000119872
0.000049883
0.000027736
0.000026906
0.000026830
0.000025366
0.000025046
0.000025442
0.000024637
0.000024392
0.000025034
0.247322305
0.000035342
0.000021346
0.000020283
0.000020020
0.000020964
0.000024844
0.000020470
0.000020157
0.000020226
0.000020381
0.000020146
0.000020240
0.000020006
0.000020023
0.000019966
0.000019932
0.000020030
0.000020443
0.000019930
0.250582362
0.000595275
0.001060852
0.000054979
0.000018660
0.000016769
0.000016149
0.000015997
0.000016358
0.247837780
0.000027841
0.000015402
0.000011408
0.000011481
0.000013847
0.000010880
0.000026308
0.000011234
0.000011882
0.000035986
0.000014538
0.000011238
0.000011920
0.251414113
0.000064478
0.002370252
0.000058319
0.000011346
0.000010132
0.000009663
0.246795224
0.000908202
0.001522914
0.000049225
0.000030563
0.000027543
0.000027210
0.000027816
0.000026077
0.000035450
0.000027589
0.244960893
0.000035891
0.000019817
0.000018262
0.000020805
0.000018454
0.000019445
0.000018754
0.000019016
0.000019719
0.000019494
0.000019433
0.250072427
0.000056820
0.000032761
0.000030891
0.000032329
0.000029613
0.000029889
0.000030450
0.000031738
0.000041366
0.000072221
0.000174231
0.251505106
0.001096995
0.000198723
0.000356368
0.000641873
0.000041354
0.000013416
0.000012150
0.000010298
0.038118374
0.208322071
0.001086356
0.000052521
0.000032585
0.000033041
0.000030294
0.000030887
0.000030801
0.000031853
0.000030871
0.000032044
0.248517808
0.000611091
0.000037060
0.000018821
0.000016726
0.000016826
0.247638105
0.000053974
0.000599022
0.000076010
0.000043857
0.253405465
0.000018697
0.000009694
0.000009506
0.031873412
0.010961149
0.000913509
0.010486846
0.000016018
0.000004365
0.191933946
0.000057351
0.000037290
0.000033294
0.000031356
0.000026680
0.252104653
0.002167264
0.000091510
0.001187408
0.000055804
0.000178019
0.000039181
0.247168878
0.000877295
0.000046966
0.000029151
0.000027824
0.248189978
0.000047083
0.248777226
0.000523557
0.000733647
0.000596153
0.002420844
0.002221012
0.000322159
0.000622027
0.000029876
0.000019491
0.000017772
0.000016988
0.000016309
0.000016571
0.000016650
0.000016930
0.000016467
0.000016263
0.000017099
0.000017098
0.000016494
0.244829884
0.000985909
0.002250610
0.000069981
0.000013913
0.000009936
0.000008166
0.000380962
0.243979768
0.252501626
0.000160038
0.000037712
0.000031527
0.247500989
0.003240454
0.248346641
0.000031549
0.000016864
0.000014562
0.248585580
0.000039915
0.000024477
0.000024683
0.000023227
0.000020156
0.000019743
0.000023501
0.000022608
0.000020280
0.000057699
0.000023872
0.000020287
0.000021647
0.000021205
0.000020333
0.000020180
0.000020434
0.000019816
0.000019201
0.000019367
0.000019786
0.000019652
0.000019314
0.000019228
0.000019037
0.000018980
0.000019589
0.000019311
0.000021780
0.000019538
0.000019194
0.000018948
0.000019461
0.000037556
0.000023077
0.000929766
0.000034540
0.250509836
0.000817057
0.000058131
0.001328160
0.000735891
0.000033447
0.000021506
0.000020674
0.000020921
0.000020377
0.000020501
0.000020307
0.000020627
0.000020330
0.000020297
0.000020387
0.000020324
0.000020242
0.000020705
0.000020454
0.000019695
0.000019629
0.000020126
0.000021820
0.000020033
0.001804676
0.000360092
0.242299014
0.000753838
0.002243715
0.000048651
0.000024925
0.000022492
0.000022725
0.000022471
0.000022572
0.000021310
0.000036864
0.000082273
0.000037103
0.000023316
0.000021861
0.000021365
0.000021279
0.000021413
0.000021426
0.000020979
0.000022220
0.246068795
0.000047682
0.000027375
0.000025382
0.000026092
0.000026096
0.000025206
0.000025695
0.000026056
0.000035993
0.000015684
0.000015540
0.000035559
0.000032353
0.000019710
0.000575219
0.000024890
0.000017454
0.000015887
0.000015679
0.000015360
0.000015255
0.000015521
0.000015258
0.000015343
0.248296275
0.001379975
0.000609647
0.000081889
0.000015391
0.000025803
0.000022579
0.000016591
0.000013867
0.000014779
0.000012719
0.000025183
0.249609642
0.002023637
0.000031276
0.000013427
0.000012757
0.000012343
0.000012749
0.000012980
0.000013124
0.000012767
0.000012551
0.000012786
0.000013110
0.000013457
0.000013912
0.000012593
0.000012707
0.000012463
0.000012587
0.000012695
0.000012356
0.248301051
0.000535316
0.000505499
0.000898163
0.000442452
0.000043572
0.000016638
0.000014257
0.000013693
0.000013081
0.000011753
0.000011593
0.000011916
0.000011685
0.000011546
0.000010939
0.000010975
0.246368163
0.000069815
0.000051574
0.000040799
0.000101950
0.000062960
0.000048291
0.000032941
0.000032119
0.000029102
0.247128104
0.000049189
0.000618729
0.000717959
0.000075360
0.000025375
0.000022221
0.000021978
0.000021018
0.000020958
0.000020457
0.000020714
0.000021079
0.000020521
0.000021526
0.249125297
0.000979655
0.000045250
0.000033096
0.000031332
0.000029463
0.000028595
0.000030907
0.000029623
0.000029573
0.000029082
0.000029142
0.000029428
0.000029598
0.000029658
0.000030164
0.000029724
0.000029513
0.000028425
0.000028766
0.247589324
0.001000168
0.000100794
0.000574455
0.000025504
0.000018370
0.000018158
0.000016572
0.000014666
0.000015714
0.000015380
0.000015114
0.000017188
0.000014668
0.000013948
0.000014087
0.000014997
0.000014736
0.000014987
0.000014940
0.000014217
0.000014243
0.000015794
0.000014408
0.000014409
0.000014410
0.000014240
0.000014491
0.000014245
0.000015095
0.000014647
0.000014563
0.000014410
0.000014198
0.000014626
0.249686054
0.000033044
0.000018085
0.000017635
0.000021094
0.000017285
0.000018680
0.000017521
0.000017308
0.000016661
0.000016447
0.000016813
0.000019290
0.000017987
0.000018262
0.000017609
0.000016590
0.000016535
0.000017580
0.000020067
0.000018101
0.000030436
0.000029150
0.000016154
0.000014116
0.000014000
0.000033120
0.000029336
0.000017583
0.000019256
0.000017460
0.000057661
0.000038005
0.000028165
0.000024668
0.000021807
0.000019505
0.000030069
0.000019073
0.000018700
0.000018368
0.000018196
0.248093079
0.000020416
0.000010670
0.000010484
0.000010326
0.000011483
0.000010482
0.000010579
0.000010633
0.000010211
0.000010716
0.000010504
0.000010453
0.000010814
0.000010453
0.000010546
0.249166056
0.000023815
0.000012189
0.000011650
0.000010975
0.000011212
0.000011159
0.000011474
0.000012718
0.000011523
0.000011578
0.000020474
0.250827010
0.000063749
0.000023552
0.000013900
0.000012645
0.000013671
0.000015845
0.000017505
0.000018108
0.250820277
0.000038362
0.000022544
0.000022116
0.000017194
0.000017022
0.000016913
0.000017504
0.253402559
0.000024956
0.000010834
0.000008031
0.000008345
0.000008281
0.244859033
0.000035044
0.000032919
0.000034614
0.000025030
0.000023325
0.000036042
0.000035465
0.251388023
0.000066833
0.000017049
0.000016844
0.000016267
0.000016326
0.000016771
0.248890800
0.000046497
0.000023444
0.000021603
0.000021573
0.000021246
0.250186505
0.001774689
0.000766219
0.000059702
0.000036583
0.000032011
0.000028564
0.248000946
0.001201688
0.000030120
0.000016626
0.000015297
0.000013884
0.246302486
0.000044111
0.000027687
0.000028612
0.000021654
0.000024309
0.000021195
0.255259599
0.000051482
0.000025662
0.000023608
0.000022920
0.246671782
0.000059168
0.000768918
0.000052982
0.000029716
0.247972850
0.001846703
0.249202147
0.000049479
0.000031512
0.249408636
0.000053208
0.249762419
0.000902286
0.000960333
0.250462267
0.000030092
0.000017746
0.000024345
0.248109568
0.000817141
0.001703240
0.001071266
0.000051053
0.245332109
0.000030741
0.000016184
0.000015622
0.000015052
0.000014696
0.000013308
0.000013097
0.000012926
0.000012907
0.000013040
0.000013053
0.000012973
0.000012913
0.000012943
0.000012806
0.000012907
0.000012900
0.000013006
0.250301867
0.002152822
0.000057088
0.000026334
0.000023441
0.000023163
0.246275809
0.000042093
0.000029426
0.002871228
0.000446979
0.000135244
0.001271572
0.000072788
0.000026206
0.246443729
0.000044193
0.000026794
0.000025447
0.000025081
0.000025046
0.000024793
0.251728936
0.000046076
0.003108339
0.000065230
0.000026970
0.000016801
0.000016082
0.246260237
0.000061755
0.000029891
0.000027410
0.000027365
0.000856786
0.245847746
0.000235840
0.000596379
0.000061891
0.250287277
0.000038442
0.000025206
0.000021960
0.000022097
0.000024597
0.000021773
0.000021794
0.000021827
0.000022050
0.000021918
0.000021603
0.000021342
0.000021536
0.000021723
0.000035299
0.000024262
0.000021319
0.000021486
0.000021460
0.000021482
0.000021239
0.000021076
0.000021516
0.000021707
0.000021048
0.000020814
0.000020916
0.248045984
0.000038541
0.000024197
0.000371451
0.000032729
0.002521425
0.249195132
0.000061918
0.000041224
0.000032139
0.000031222
0.000031011
0.000030035
0.000030465
0.248055020
0.001798551
0.000696767
0.000035226
0.000667462
0.000031466
0.000507270
0.000030222
0.000017460
0.248148335
0.001499784
0.000832160
0.000059096
0.000048808
0.000050565
0.000030790
0.000026465
0.000056073
0.000057521
0.000035445
0.000027339
0.000025519
0.000024657
0.245617035
0.000887263
0.000044507
0.000028586
0.000029157
0.000032308
0.000028707
0.000028872
0.000028206
0.000028404
0.000027493
0.000028453
0.000028069
0.000027472
0.000028034
0.250703486
0.000053369
0.000025583
0.000019150
0.000026866
0.000047123
0.000031698
0.000025820
0.000025129
0.000025748
0.000026532
0.000039099
0.000058923
0.247912162
0.000036521
0.000028303
0.000018763
0.000028408
0.000016310
0.000034191
0.000028819
0.000028575
0.000020452
0.000018827
0.000016545
0.000017208
0.000015839
0.000017119
0.253026788
0.000053298
0.000033592
0.000032345
0.000032279
0.000031708
0.000625941
0.244837929
0.001307407
0.000042347
0.000033302
0.000013266
0.250299030
0.000053417
0.000031058
0.254913922
0.000052086
0.000021735
0.246111332
0.000082431
0.249207177
0.002288585
0.000043377
0.247793200
0.000814215
0.247772651
0.250592875
0.000048290
0.000077062
0.248987469
0.000028521
0.252115991
0.000060959
0.000038320
0.000030175
0.248417172
0.000018084
0.000058171
0.001299883
0.000348092
0.250144097
0.000574451
0.000046435
0.000031171
0.000029066
0.000035700
0.000029598
0.000029312
0.000027292
0.000031460
0.248310696
0.001608208
0.000033215
0.000017780
0.000015562
0.000014752
0.000013120
0.000017503
0.000013721
0.000013499
0.000013391
0.000013357
0.000013224
0.000014159
0.247209699
0.000029532
0.000015303
0.000014389
0.000014027
0.000016278
0.000014410
0.000013895
0.000014170
0.000014593
0.000014147
0.000014170
0.000014342
0.000014206
0.000014213
0.252504495
0.000055397
0.000032270
0.000030189
0.000030906
0.000029588
0.000030656
0.000031077
0.245963773
0.000574780
0.000789629
0.001518093
0.000523086
0.000025317
0.000014937
0.000013919
0.000013884
0.000012737
0.249231581
0.000033369
0.000017584
0.249365570
0.000057728
0.000035306
0.000033773
0.000033998
0.000033557
0.000028782
0.000029237
0.000028942
0.000028931
0.000032400
0.000029608
0.000033918
0.000028907
0.000033662
0.247170392
0.000036855
0.000026460
0.000450379
0.000032332
0.000847481
0.000473527
0.249160236
0.000056743
0.000041904
0.001025423
0.000046718
0.000027620
0.000026114
0.000023177
0.000022000
0.000021894
0.248394696
0.000048838
0.000030140
0.000031767
0.000026750
0.000027691
0.000026772
0.000066415
0.000028943
0.000027195
0.251945005
0.000018564
0.000009046
0.000008945
0.000008435
0.000008739
0.000010417
0.000009147
0.248187598
0.000048332
0.000029037
0.000029302
0.000274026
0.000044156
0.000030606
0.254165288
0.000422397
0.000018408
0.000012900
0.000010457
0.000011406
0.000010288
0.000010464
0.245773861
0.000029115
0.000015490
0.000014772
0.000015317
0.000015115
0.000015940
0.251124754
0.000049754
0.000031152
