0.000000000
0.098542758
0.828664644
0.270963418
0.834870737
0.704807509
0.636567059
0.808826782
0.346307350
0.843414742
0.105449758
0.176308401
0.545837184
0.379476600
0.996615930
0.702639306
0.995448310
0.355994996
0.960695317
0.106747201
0.129951410
0.220763226
0.410881414
0.483880832
0.890484898
0.173498865
0.799957474
0.487472722
0.749381390
0.873115428
0.916482501
0.493746249
0.179783943
0.996132497
0.293286125
0.995685504
0.152665494
0.403255872
0.056862179
0.196472798
0.692499539
0.034039411
0.883889728
0.201519205
0.124575991
0.994529099
0.723956785
0.730071585
0.712622619
0.735471726
0.884034076
0.468183812
0.932872074
0.784917066
0.887104362
0.963399576
0.563403145
0.948492077
0.221524467
0.677043632
0.700569664
0.804939377
0.207788720
0.798232654
0.539251212
0.225725287
0.394855669
0.387618468
0.397654046
0.364627089
0.428833804
0.759319386
0.579177694
0.125309280
0.307654544
0.524351136
0.321523773
0.532373969
0.382048011
0.364952764
0.153510007
0.185867809
0.483192663
0.018066670
0.622648165
0.222202222
0.998454706
0.053090962
0.339701484
0.337310352
0.787228228
0.517668019
0.568441136
0.672663480
0.253487721
0.260683186
0.556102810
0.394126710
0.877200300
0.668816826
0.101600523
0.872040549
0.684972372
0.179188555
0.989522613
0.997378357
0.744723900
0.513353887
0.474303859
0.138800004
0.856857382
0.268974949
0.132219945
0.613313197
0.520913290
0.793982568
0.715532020
0.550416696
0.034607103
0.359040762
0.362404488
0.795126877
0.789211890
0.727131907
0.982614232
0.095344148
0.658237077
0.044642083
0.721159167
0.588703644
0.624012994
0.146790008
0.582877805
0.919218355
0.547010929
0.983491479
0.965025346
0.624349269
0.416506316
0.762786850
0.483063316
0.190740746
0.901106279
0.149248624
0.431634654
0.252945001
0.535801700
0.203308779
0.133467208
0.962564097
0.896767049
0.715001163
0.513000788
0.246300129
0.737817425
0.402548654
0.535726455
0.047216614
0.270850717
0.133668697
0.249648843
0.707319014
0.209127124
0.337023185
0.449562286
0.880495980
0.747098728
0.149014860
0.649299108
0.558602713
0.889913355
0.817542533
0.916368519
0.867456478
0.543600093
0.367479554
0.587389044
0.953560009
0.919414078
0.883734073
0.053076903
0.716413961
0.506950720
0.517949921
0.685184738
0.336409613
0.600836127
0.023378702
0.796649240
0.151527880
0.248187172
0.862490354
0.968642363
0.900593533
0.066032944
0.162138773
0.042344550
0.293100402
0.666018918
0.259508725
0.153756642
0.154471744
0.529075980
0.301923341
0.063962646
0.884424483
0.854858330
0.826979322
0.983988320
0.931388154
0.475866620
0.023585833
0.636699252
0.159530234
0.783449118
0.250717738
0.893217365
0.454102076
0.411418290
0.601985241
0.006889275
0.122585239
0.626328518
0.195902544
0.675372457
0.171984749
0.284225748
0.775719938
0.520067772
0.478021526
0.029693028
0.169728594
0.361243337
0.110308248
0.853139491
0.948567303
0.077042015
0.116186277
0.407025687
0.791013688
0.180457366
0.725501494
0.474269392
0.970303727
0.744742606
0.320080460
0.140114976
0.390501147
0.591141242
0.496621718
0.638870649
0.484325858
0.343651726
0.784333292
0.468635976
0.402861031
0.270415841
0.138356066
0.277518683
0.650484498
0.058115118
0.087480216
0.454254682
0.317007674
0.761016439
0.011455114
0.660669803
0.947385537
0.547232355
0.911545892
0.645488363
0.413816680
0.770131330
0.461935328
0.237375727
0.220583600
0.377456117
0.538661377
0.924209148
0.727495258
0.644098673
0.456671671
0.714809242
0.802717157
0.164616825
0.392371691
0.624849319
0.815338278
0.919833804
0.891909346
0.194096304
0.192127002
0.657370285
0.504152215
0.711345357
0.926373206
0.656097239
0.284616971
0.180714968
0.904839097
0.783547240
0.294166494
0.771948073
0.655799218
0.249271204
0.573517714
0.273776822
0.311274167
0.749930143
0.129585966
0.669116868
0.272668160
0.109474006
0.657170541
0.340004738
0.070019037
0.558885400
0.160024345
0.852967089
0.019510757
0.963421148
0.795399276
0.363681751
0.962828104
0.923799871
0.681198059
0.986915932
0.413532123
0.644888584
0.565462892
0.102635384
0.342784524
0.952813099
0.424697286
0.337817086
0.880008863
0.307862808
0.806586399
0.483844914
0.299587703
0.554483216
0.038407311
0.127334485
0.105572249
0.535562248
0.167204368
0.738459983
0.556717697
0.201025936
0.089664190
0.249897596
0.186924484
0.584041067
0.529528360
0.978307804
0.495200786
0.985227971
0.429314389
0.328322197
0.913322770
0.307724982
0.623247530
0.123783703
0.296289605
0.918078650
0.286952180
0.190400007
0.916149732
0.183304832
0.264799645
0.826318117
0.925946550
0.612620113
0.784599378
0.172504629
0.947437990
0.443010143
0.198074905
0.781411133
0.644489223
0.041031643
0.376969675
0.651032228
0.889391332
0.119380978
0.357150753
0.805236978
0.608817190
0.625373598
0.531763455
0.578078724
0.172248291
0.956962181
0.976907328
0.551135036
0.014048241
0.581919205
0.137314711
0.798690657
0.926172641
0.433875724
0.281486802
0.609287420
0.768560917
0.329321156
0.577892705
0.664572947
0.022657757
0.532973775
0.508239847
0.291611387
0.476747633
0.184892040
0.395657387
0.314057156
0.641267770
0.111304029
0.557115800
0.694522653
0.769628426
0.681776719
0.543352583
0.676909043
0.827416647
0.291372956
0.504630815
0.721644778
0.253049321
0.100179990
0.275074485
0.382755916
0.007812575
0.389038858
0.086277010
0.424883061
0.383524826
0.974427836
0.751672751
0.377313492
0.575673730
0.856258486
0.287704552
0.323311860
0.527792314
0.453991653
0.517928217
0.531914565
0.738869598
0.946760992
0.604975169
0.299458137
0.261021991
0.815468090
0.193159679
0.979068144
0.508135821
0.831680296
0.884908353
0.645618150
0.958037154
0.791828925
0.682647914
0.604994726
0.851326063
0.349408840
0.863204765
0.013815297
0.577233182
0.018465401
0.132679949
0.387295368
0.923379350
0.026595833
0.713419075
0.477667708
0.422118463
0.724764640
0.480428730
0.307527722
0.133387711
0.915113161
0.539830307
0.580730393
0.905125083
0.035408343
0.522451291
0.065041375
0.660065440
0.702480081
0.163461900
0.961138029
0.324185925
0.276082172
0.247577134
0.363465608
0.117442083
0.584240385
0.380906406
0.575429295
0.342575643
0.432355989
0.642538968
0.046158742
0.776497446
0.432997472
0.187220191
