1 0.000000000
1 0.000004365
1 0.000005300
1 0.000005450
1 0.000006496
1 0.000006497
1 0.000006552
1 0.000006598
1 0.000006734
1 0.000006741
1 0.000006861
1 0.000006869
1 0.000006893
1 0.000006920
1 0.000006921
1 0.000006926
1 0.000006928
1 0.000006961
1 0.000006992
1 0.000006993
1 0.000007028
1 0.000007032
1 0.000007043
1 0.000007050
1 0.000007081
1 0.000007084
1 0.000007090
1 0.000007093
1 0.000007096
1 0.000007115
1 0.000007122
1 0.000007123
1 0.000007128
1 0.000007132
1 0.000007133
1 0.000007137
1 0.000007138
1 0.000007142
1 0.000007143
1 0.000007146
1 0.000007148
1 0.000007151
1 0.000007153
1 0.000007168
1 0.000007181
1 0.000007185
1 0.000007186
1 0.000007189
1 0.000007193
1 0.000007196
1 0.000007202
1 0.000007216
1 0.000007217
1 0.000007222
1 0.000007226
1 0.000007234
1 0.000007238
1 0.000007242
1 0.000007243
1 0.000007245
1 0.000007248
1 0.000007278
1 0.000007281
1 0.000007283
1 0.000007287
1 0.000007290
1 0.000007294
1 0.000007297
1 0.000007300
1 0.000007306
1 0.000007308
1 0.000007310
1 0.000007311
1 0.000007326
1 0.000007330
1 0.000007331
1 0.000007332
1 0.000007338
1 0.000007343
1 0.000007345
1 0.000007346
1 0.000007359
1 0.000007361
1 0.000007362
1 0.000007368
1 0.000007374
1 0.000007377
1 0.000007380
1 0.000007382
1 0.000007387
1 0.000007389
1 0.000007391
1 0.000007394
1 0.000007399
1 0.000007400
1 0.000007403
1 0.000007408
1 0.000007409
1 0.000007410
1 0.000007414
1 0.000007422
1 0.000007423
1 0.000007440
1 0.000007449
1 0.000007453
1 0.000007465
1 0.000007475
1 0.000007478
1 0.000007485
1 0.000007493
1 0.000007511
1 0.000007514
1 0.000007521
1 0.000007524
1 0.000007527
1 0.000007533
1 0.000007539
1 0.000007540
1 0.000007544
1 0.000007545
1 0.000007554
1 0.000007558
1 0.000007560
1 0.000007562
1 0.000007572
1 0.000007574
1 0.000007577
1 0.000007583
1 0.000007591
1 0.000007595
1 0.000007598
1 0.000007605
1 0.000007609
1 0.000007610
1 0.000007611
1 0.000007613
1 0.000007619
1 0.000007621
1 0.000007622
1 0.000007636
1 0.000007642
1 0.000007647
1 0.000007650
1 0.000007652
1 0.000007658
1 0.000007664
1 0.000007677
1 0.000007680
1 0.000007681
1 0.000007682
1 0.000007684
1 0.000007689
1 0.000007691
1 0.000007693
1 0.000007697
1 0.000007703
1 0.000007705
1 0.000007706
1 0.000007708
1 0.000007714
1 0.000007720
1 0.000007722
1 0.000007723
1 0.000007727
1 0.000007729
1 0.000007737
1 0.000007739
1 0.000007747
1 0.000007751
1 0.000007757
1 0.000007760
1 0.000007770
1 0.000007771
1 0.000007774
1 0.000007780
1 0.000007785
1 0.000007788
1 0.000007793
1 0.000007795
1 0.000007798
1 0.000007800
1 0.000007802
1 0.000007812
1 0.000007813
1 0.000007818
1 0.000007819
1 0.000007820
1 0.000007822
1 0.000007824
1 0.000007826
1 0.000007831
1 0.000007838
1 0.000007843
1 0.000007846
1 0.000007849
1 0.000007850
1 0.000007854
1 0.000007861
1 0.000007864
1 0.000007867
1 0.000007869
1 0.000007872
1 0.000007873
1 0.000007875
1 0.000007876
1 0.000007879
1 0.000007880
1 0.000007884
1 0.000007889
1 0.000007890
1 0.000007892
1 0.000007900
1 0.000007917
1 0.000007919
1 0.000007920
1 0.000007924
1 0.000007925
1 0.000007926
1 0.000007927
1 0.000007934
1 0.000007940
1 0.000007947
1 0.000007950
1 0.000007952
1 0.000007954
1 0.000007962
1 0.000007966
1 0.000007972
1 0.000007977
1 0.000007997
1 0.000007998
1 0.000007999
1 0.000008002
1 0.000008006
1 0.000008007
1 0.000008013
1 0.000008016
1 0.000008018
1 0.000008019
1 0.000008021
1 0.000008027
1 0.000008028
1 0.000008031
1 0.000008048
1 0.000008066
1 0.000008067
1 0.000008073
1 0.000008077
1 0.000008080
1 0.000008089
1 0.000008102
1 0.000008108
1 0.000008109
1 0.000008121
1 0.000008130
1 0.000008139
1 0.000008141
1 0.000008144
1 0.000008146
1 0.000008148
1 0.000008151
1 0.000008161
1 0.000008165
1 0.000008179
1 0.000008182
1 0.000008183
1 0.000008189
1 0.000008194
1 0.000008200
1 0.000008202
1 0.000008203
1 0.000008208
1 0.000008210
1 0.000008218
1 0.000008222
1 0.000008236
1 0.000008237
1 0.000008242
1 0.000008243
1 0.000008244
1 0.000008252
1 0.000008255
1 0.000008260
1 0.000008263
1 0.000008268
1 0.000008272
1 0.000008275
1 0.000008277
1 0.000008281
1 0.000008282
1 0.000008290
1 0.000008297
1 0.000008303
1 0.000008307
1 0.000008310
1 0.000008312
1 0.000008313
1 0.000008318
1 0.000008320
1 0.000008326
1 0.000008333
1 0.000008345
1 0.000008351
1 0.000008357
1 0.000008371
1 0.000008378
1 0.000008379
1 0.000008383
1 0.000008386
1 0.000008387
1 0.000008390
1 0.000008406
1 0.000008407
1 0.000008410
1 0.000008411
1 0.000008423
1 0.000008435
1 0.000008446
1 0.000008453
1 0.000008457
1 0.000008468
1 0.000008471
1 0.000008476
1 0.000008478
1 0.000008506
1 0.000008509
1 0.000008514
1 0.000008517
1 0.000008518
1 0.000008526
1 0.000008528
1 0.000008537
1 0.000008566
1 0.000008572
1 0.000008578
1 0.000008582
1 0.000008591
1 0.000008593
1 0.000008598
1 0.000008600
1 0.000008602
1 0.000008611
1 0.000008613
1 0.000008622
1 0.000008625
1 0.000008626
1 0.000008627
1 0.000008631
1 0.000008641
1 0.000008645
1 0.000008646
1 0.000008664
1 0.000008672
1 0.000008675
1 0.000008677
1 0.000008681
1 0.000008683
1 0.000008693
1 0.000008696
1 0.000008701
1 0.000008705
1 0.000008706
1 0.000008718
1 0.000008720
1 0.000008722
1 0.000008751
1 0.000008760
1 0.000008774
1 0.000008782
1 0.000008786
1 0.000008791
1 0.000008802
1 0.000008814
1 0.000008819
1 0.000008824
1 0.000008834
1 0.000008846
1 0.000008847
1 0.000008852
1 0.000008881
1 0.000008889
1 0.000008890
1 0.000008893
1 0.000008921
1 0.000008929
1 0.000008935
1 0.000008939
1 0.000008945
1 0.000008965
1 0.000008975
1 0.000008979
1 0.000008984
1 0.000008992
1 0.000008995
1 0.000008997
1 0.000009002
1 0.000009012
1 0.000009020
1 0.000009023
1 0.000009034
1 0.000009039
1 0.000009041
1 0.000009046
1 0.000009051
1 0.000009052
1 0.000009058
1 0.000009059
1 0.000009066
1 0.000009072
1 0.000009085
1 0.000009108
1 0.000009120
1 0.000009130
1 0.000009147
1 0.000009148
1 0.000009155
1 0.000009160
1 0.000009168
1 0.000009181
1 0.000009212
1 0.000009216
1 0.000009233
1 0.000009249
1 0.000009263
1 0.000009274
1 0.000009288
1 0.000009294
1 0.000009297
1 0.000009301
1 0.000009310
1 0.000009314
1 0.000009316
1 0.000009331
1 0.000009337
1 0.000009342
1 0.000009348
1 0.000009352
1 0.000009363
1 0.000009373
1 0.000009377
1 0.000009389
1 0.000009390
1 0.000009394
1 0.000009398
1 0.000009410
1 0.000009428
1 0.000009445
1 0.000009466
1 0.000009481
1 0.000009486
1 0.000009506
1 0.000009513
1 0.000009525
1 0.000009538
1 0.000009562
1 0.000009576
1 0.000009596
1 0.000009625
1 0.000009628
1 0.000009644
1 0.000009647
1 0.000009651
1 0.000009655
1 0.000009663
1 0.000009665
1 0.000009666
1 0.000009686
1 0.000009736
1 0.000009738
1 0.000009742
1 0.000009747
1 0.000009752
1 0.000009758
1 0.000009761
1 0.000009775
1 0.000009778
1 0.000009792
1 0.000009799
1 0.000009800
1 0.000009801
1 0.000009812
1 0.000009827
1 0.000009842
1 0.000009856
1 0.000009867
1 0.000009877
1 0.000009880
1 0.000009890
1 0.000009903
1 0.000009922
1 0.000009930
1 0.000009936
1 0.000009949
1 0.000009974
1 0.000009985
1 0.000009986
1 0.000010012
1 0.000010014
1 0.000010016
1 0.000010031
1 0.000010037
1 0.000010039
1 0.000010041
1 0.000010043
1 0.000010058
1 0.000010059
1 0.000010060
1 0.000010074
1 0.000010076
1 0.000010088
1 0.000010097
1 0.000010121
1 0.000010132
1 0.000010135
1 0.000010169
1 0.000010188
1 0.000010205
1 0.000010211
1 0.000010238
1 0.000010239
1 0.000010264
1 0.000010275
1 0.000010285
1 0.000010288
1 0.000010290
1 0.000010296
1 0.000010298
1 0.000010305
1 0.000010316
1 0.000010326
1 0.000010331
1 0.000010354
1 0.000010368
1 0.000010376
1 0.000010384
1 0.000010417
1 0.000010422
1 0.000010429
1 0.000010441
1 0.000010449
1 0.000010457
1 0.000010461
1 0.000010463
1 0.000010464
1 0.000010482
1 0.000010483
1 0.000010484
1 0.000010493
1 0.000010504
1 0.000010509
1 0.000010520
1 0.000010529
1 0.000010533
1 0.000010536
1 0.000010543
1 0.000010546
1 0.000010547
1 0.000010548
1 0.000010549
1 0.000010550
1 0.000010573
1 0.000010575
1 0.000010597
1 0.000010603
1 0.000010604
1 0.000010608
1 0.000010611
1 0.000010617
1 0.000010632
1 0.000010638
1 0.000010668
1 0.000010685
1 0.000010696
1 0.000010716
1 0.000010728
1 0.000010737
1 0.000010760
1 0.000010765
1 0.000010808
1 0.000010811
1 0.000010814
1 0.000010823
1 0.000010826
1 0.000010834
1 0.000010835
1 0.000010849
1 0.000010853
1 0.000010860
1 0.000010862
1 0.000010868
1 0.000010874
1 0.000010880
1 0.000010881
1 0.000010889
1 0.000010890
1 0.000010894
1 0.000010898
1 0.000010906
1 0.000010913
1 0.000010915
1 0.000010920
1 0.000010925
1 0.000010926
1 0.000010938
1 0.000010939
1 0.000010950
1 0.000010954
1 0.000010956
1 0.000010964
1 0.000010978
1 0.000010979
1 0.000010980
1 0.000010985
1 0.000010987
1 0.000011004
1 0.000011012
1 0.000011013
1 0.000011020
1 0.000011024
1 0.000011027
1 0.000011032
1 0.000011051
1 0.000011053
1 0.000011057
1 0.000011061
1 0.000011062
1 0.000011065
1 0.000011082
1 0.000011098
1 0.000011121
1 0.000011127
1 0.000011146
1 0.000011159
1 0.000011163
1 0.000011180
1 0.000011181
1 0.000011196
1 0.000011202
1 0.000011203
1 0.000011204
1 0.000011206
1 0.000011208
1 0.000011212
1 0.000011217
1 0.000011219
1 0.000011221
1 0.000011224
1 0.000011231
1 0.000011234
1 0.000011235
1 0.000011242
1 0.000011245
1 0.000011249
1 0.000011261
1 0.000011264
1 0.000011279
1 0.000011283
1 0.000011284
1 0.000011292
1 0.000011295
1 0.000011297
1 0.000011298
1 0.000011301
1 0.000011303
1 0.000011313
1 0.000011315
1 0.000011319
1 0.000011323
1 0.000011330
1 0.000011332
1 0.000011334
1 0.000011339
1 0.000011340
1 0.000011346
1 0.000011357
1 0.000011366
1 0.000011370
1 0.000011373
1 0.000011374
1 0.000011375
1 0.000011386
1 0.000011388
1 0.000011390
1 0.000011391
1 0.000011394
1 0.000011395
1 0.000011401
1 0.000011403
1 0.000011405
1 0.000011408
1 0.000011417
1 0.000011424
1 0.000011425
1 0.000011426
1 0.000011433
1 0.000011437
1 0.000011440
1 0.000011441
1 0.000011444
1 0.000011445
1 0.000011449
1 0.000011450
1 0.000011457
1 0.000011468
1 0.000011472
1 0.000011474
1 0.000011476
1 0.000011478
1 0.000011483
1 0.000011484
1 0.000011490
1 0.000011494
1 0.000011495
1 0.000011498
1 0.000011499
1 0.000011504
1 0.000011506
1 0.000011523
1 0.000011526
1 0.000011528
1 0.000011532
1 0.000011544
1 0.000011545
1 0.000011546
1 0.000011547
1 0.000011555
1 0.000011563
1 0.000011564
1 0.000011570
1 0.000011578
1 0.000011584
1 0.000011587
1 0.000011592
1 0.000011607
1 0.000011612
1 0.000011617
1 0.000011627
1 0.000011628
1 0.000011632
1 0.000011643
1 0.000011644
1 0.000011646
1 0.000011650
1 0.000011653
1 0.000011660
1 0.000011662
1 0.000011677
1 0.000011679
1 0.000011681
1 0.000011685
1 0.000011690
1 0.000011693
1 0.000011698
1 0.000011707
1 0.000011712
1 0.000011739
1 0.000011742
1 0.000011746
1 0.000011747
1 0.000011753
1 0.000011756
1 0.000011759
1 0.000011761
1 0.000011770
1 0.000011771
1 0.000011782
1 0.000011789
1 0.000011791
1 0.000011792
1 0.000011794
1 0.000011799
1 0.000011808
1 0.000011813
1 0.000011835
1 0.000011841
1 0.000011842
1 0.000011850
1 0.000011855
1 0.000011860
1 0.000011866
1 0.000011871
1 0.000011878
1 0.000011879
1 0.000011884
1 0.000011887
1 0.000011888
1 0.000011894
1 0.000011901
1 0.000011902
1 0.000011907
1 0.000011909
1 0.000011910
1 0.000011916
1 0.000011921
1 0.000011922
1 0.000011926
1 0.000011927
1 0.000011933
1 0.000011934
1 0.000011935
1 0.000011936
1 0.000011940
1 0.000011944
1 0.000011947
1 0.000011949
1 0.000011951
1 0.000011953
1 0.000011954
1 0.000011964
1 0.000011974
1 0.000011980
1 0.000011982
1 0.000011984
1 0.000011989
1 0.000011990
1 0.000011992
1 0.000011998
1 0.000012014
1 0.000012016
1 0.000012024
1 0.000012031
1 0.000012036
1 0.000012038
1 0.000012045
1 0.000012050
1 0.000012051
1 0.000012057
1 0.000012059
1 0.000012066
1 0.000012068
1 0.000012080
1 0.000012084
1 0.000012085
1 0.000012086
1 0.000012090
1 0.000012094
1 0.000012095
1 0.000012100
1 0.000012104
1 0.000012106
1 0.000012110
1 0.000012119
1 0.000012122
1 0.000012125
1 0.000012140
1 0.000012145
1 0.000012150
1 0.000012156
1 0.000012160
1 0.000012164
1 0.000012171
1 0.000012174
1 0.000012178
1 0.000012188
1 0.000012189
1 0.000012190
1 0.000012200
1 0.000012204
1 0.000012208
1 0.000012210
1 0.000012212
1 0.000012220
1 0.000012224
1 0.000012226
1 0.000012230
1 0.000012235
1 0.000012236
1 0.000012238
1 0.000012242
1 0.000012246
1 0.000012252
1 0.000012257
1 0.000012262
1 0.000012263
1 0.000012268
1 0.000012276
1 0.000012277
1 0.000012278
1 0.000012282
1 0.000012285
1 0.000012294
1 0.000012295
1 0.000012301
1 0.000012302
1 0.000012303
1 0.000012305
1 0.000012306
1 0.000012319
1 0.000012331
1 0.000012334
1 0.000012343
1 0.000012346
1 0.000012350
1 0.000012355
1 0.000012356
1 0.000012358
1 0.000012364
1 0.000012370
1 0.000012372
1 0.000012374
1 0.000012376
1 0.000012378
1 0.000012379
1 0.000012384
1 0.000012388
1 0.000012393
1 0.000012395
1 0.000012396
1 0.000012399
1 0.000012409
1 0.000012411
1 0.000012416
1 0.000012417
1 0.000012418
1 0.000012423
1 0.000012433
1 0.000012439
1 0.000012441
1 0.000012447
1 0.000012452
1 0.000012458
1 0.000012461
1 0.000012462
1 0.000012463
1 0.000012464
1 0.000012468
1 0.000012469
1 0.000012483
1 0.000012489
1 0.000012492
1 0.000012493
1 0.000012500
1 0.000012501
1 0.000012503
1 0.000012515
1 0.000012519
1 0.000012520
1 0.000012526
1 0.000012535
1 0.000012543
1 0.000012546
1 0.000012547
1 0.000012553
1 0.000012559
1 0.000012565
1 0.000012573
1 0.000012575
1 0.000012578
1 0.000012585
1 0.000012587
1 0.000012593
1 0.000012595
1 0.000012596
1 0.000012599
1 0.000012605
1 0.000012617
1 0.000012620
1 0.000012625
1 0.000012627
1 0.000012633
1 0.000012643
1 0.000012645
1 0.000012647
1 0.000012650
1 0.000012652
1 0.000012657
1 0.000012665
1 0.000012669
1 0.000012670
1 0.000012674
1 0.000012675
1 0.000012682
1 0.000012683
1 0.000012689
1 0.000012690
1 0.000012693
1 0.000012695
1 0.000012701
1 0.000012702
1 0.000012707
1 0.000012708
1 0.000012719
1 0.000012725
1 0.000012728
1 0.000012732
1 0.000012734
1 0.000012737
1 0.000012739
1 0.000012743
1 0.000012749
1 0.000012750
1 0.000012755
1 0.000012757
1 0.000012759
1 0.000012765
1 0.000012767
1 0.000012770
1 0.000012775
1 0.000012779
1 0.000012786
1 0.000012787
1 0.000012796
1 0.000012801
1 0.000012802
1 0.000012804
1 0.000012806
1 0.000012818
1 0.000012824
1 0.000012830
1 0.000012832
1 0.000012835
1 0.000012842
1 0.000012844
1 0.000012846
1 0.000012848
1 0.000012854
1 0.000012858
1 0.000012860
1 0.000012863
1 0.000012865
1 0.000012878
1 0.000012882
1 0.000012886
1 0.000012896
1 0.000012906
1 0.000012913
1 0.000012918
1 0.000012926
1 0.000012938
1 0.000012940
1 0.000012943
1 0.000012951
1 0.000012952
1 0.000012958
1 0.000012966
1 0.000012968
1 0.000012972
1 0.000012973
1 0.000012974
1 0.000012976
1 0.000012978
1 0.000012980
1 0.000012983
1 0.000012996
1 0.000012998
1 0.000013004
1 0.000013006
1 0.000013017
1 0.000013030
1 0.000013040
1 0.000013053
1 0.000013054
1 0.000013062
1 0.000013070
1 0.000013072
1 0.000013081
1 0.000013090
1 0.000013096
1 0.000013097
1 0.000013120
1 0.000013124
1 0.000013130
1 0.000013133
1 0.000013137
1 0.000013149
1 0.000013162
1 0.000013166
1 0.000013169
1 0.000013173
1 0.000013175
1 0.000013180
1 0.000013186
1 0.000013191
1 0.000013193
1 0.000013196
1 0.000013214
1 0.000013215
1 0.000013218
1 0.000013224
1 0.000013235
1 0.000013237
1 0.000013252
1 0.000013259
1 0.000013260
1 0.000013266
1 0.000013273
1 0.000013284
1 0.000013285
1 0.000013297
1 0.000013300
1 0.000013308
1 0.000013310
1 0.000013316
1 0.000013317
1 0.000013319
1 0.000013327
1 0.000013357
1 0.000013358
1 0.000013371
1 0.000013387
1 0.000013411
1 0.000013414
1 0.000013416
1 0.000013427
1 0.000013433
1 0.000013443
1 0.000013457
1 0.000013471
1 0.000013485
1 0.000013489
1 0.000013499
1 0.000013510
1 0.000013513
1 0.000013517
1 0.000013531
1 0.000013537
1 0.000013547
1 0.000013548
1 0.000013553
1 0.000013555
1 0.000013563
1 0.000013573
1 0.000013575
1 0.000013589
1 0.000013593
1 0.000013601
1 0.000013608
1 0.000013615
1 0.000013623
1 0.000013635
1 0.000013645
1 0.000013652
1 0.000013660
1 0.000013668
1 0.000013671
1 0.000013686
1 0.000013689
1 0.000013693
1 0.000013697
1 0.000013705
1 0.000013706
1 0.000013721
1 0.000013723
1 0.000013742
1 0.000013761
1 0.000013770
1 0.000013781
1 0.000013787
1 0.000013788
1 0.000013806
1 0.000013808
1 0.000013810
1 0.000013814
1 0.000013827
1 0.000013832
1 0.000013838
1 0.000013844
1 0.000013847
1 0.000013853
1 0.000013856
1 0.000013860
1 0.000013865
1 0.000013867
1 0.000013878
1 0.000013892
1 0.000013895
1 0.000013912
1 0.000013913
1 0.000013919
1 0.000013943
1 0.000013948
1 0.000013974
1 0.000013976
1 0.000013982
1 0.000013984
1 0.000013985
1 0.000013986
1 0.000013994
1 0.000014000
1 0.000014004
1 0.000014012
1 0.000014019
1 0.000014021
1 0.000014022
1 0.000014025
1 0.000014026
1 0.000014027
1 0.000014034
1 0.000014039
1 0.000014055
1 0.000014068
1 0.000014087
1 0.000014100
1 0.000014101
1 0.000014102
1 0.000014103
1 0.000014104
1 0.000014105
1 0.000014106
1 0.000014116
1 0.000014130
1 0.000014133
1 0.000014134
1 0.000014147
1 0.000014155
1 0.000014159
1 0.000014160
1 0.000014161
1 0.000014163
1 0.000014165
1 0.000014177
1 0.000014194
1 0.000014198
1 0.000014202
1 0.000014206
1 0.000014211
1 0.000014213
1 0.000014215
1 0.000014217
1 0.000014221
1 0.000014237
1 0.000014239
1 0.000014240
1 0.000014245
1 0.000014246
1 0.000014252
1 0.000014257
1 0.000014272
1 0.000014297
1 0.000014309
1 0.000014311
1 0.000014316
1 0.000014319
1 0.000014323
1 0.000014327
1 0.000014341
1 0.000014342
1 0.000014343
1 0.000014344
1 0.000014346
1 0.000014347
1 0.000014355
1 0.000014358
1 0.000014362
1 0.000014374
1 0.000014375
1 0.000014385
1 0.000014386
1 0.000014389
1 0.000014395
1 0.000014396
1 0.000014397
1 0.000014401
1 0.000014407
1 0.000014409
1 0.000014413
1 0.000014419
1 0.000014431
1 0.000014441
1 0.000014442
1 0.000014463
1 0.000014466
1 0.000014473
1 0.000014480
1 0.000014485
1 0.000014490
1 0.000014491
1 0.000014514
1 0.000014519
1 0.000014525
1 0.000014531
1 0.000014536
1 0.000014538
1 0.000014556
1 0.000014558
1 0.000014562
1 0.000014563
1 0.000014565
1 0.000014568
1 0.000014586
1 0.000014592
1 0.000014593
1 0.000014598
1 0.000014602
1 0.000014608
1 0.000014610
1 0.000014614
1 0.000014616
1 0.000014619
1 0.000014621
1 0.000014626
1 0.000014628
1 0.000014632
1 0.000014643
1 0.000014647
1 0.000014650
1 0.000014656
1 0.000014657
1 0.000014665
1 0.000014666
1 0.000014674
1 0.000014678
1 0.000014686
1 0.000014694
1 0.000014696
1 0.000014702
1 0.000014708
1 0.000014709
1 0.000014713
1 0.000014716
1 0.000014722
1 0.000014725
1 0.000014728
1 0.000014733
1 0.000014742
1 0.000014750
1 0.000014752
1 0.000014772
1 0.000014774
1 0.000014775
1 0.000014776
1 0.000014779
1 0.000014780
1 0.000014782
1 0.000014798
1 0.000014808
1 0.000014811
1 0.000014814
1 0.000014817
1 0.000014818
1 0.000014825
1 0.000014826
1 0.000014830
1 0.000014836
1 0.000014842
1 0.000014843
1 0.000014848
1 0.000014852
1 0.000014858
1 0.000014862
1 0.000014865
1 0.000014875
1 0.000014882
1 0.000014888
1 0.000014909
1 0.000014918
1 0.000014923
1 0.000014924
1 0.000014926
1 0.000014937
1 0.000014939
1 0.000014940
1 0.000014954
1 0.000014957
1 0.000014959
1 0.000014963
1 0.000014970
1 0.000014975
1 0.000014976
1 0.000014995
1 0.000014997
1 0.000014999
1 0.000015021
1 0.000015029
1 0.000015043
1 0.000015052
1 0.000015059
1 0.000015061
1 0.000015062
1 0.000015067
1 0.000015072
1 0.000015075
1 0.000015077
1 0.000015088
1 0.000015093
1 0.000015102
1 0.000015107
1 0.000015114
1 0.000015115
1 0.000015117
1 0.000015122
1 0.000015123
1 0.000015128
1 0.000015140
1 0.000015146
1 0.000015147
1 0.000015149
1 0.000015152
1 0.000015159
1 0.000015162
1 0.000015179
1 0.000015186
1 0.000015188
1 0.000015206
1 0.000015227
1 0.000015241
1 0.000015243
1 0.000015245
1 0.000015246
1 0.000015255
1 0.000015258
1 0.000015259
1 0.000015266
1 0.000015275
1 0.000015297
1 0.000015299
1 0.000015303
1 0.000015306
1 0.000015308
1 0.000015309
1 0.000015310
1 0.000015313
1 0.000015323
1 0.000015334
1 0.000015343
1 0.000015353
1 0.000015361
1 0.000015365
1 0.000015371
1 0.000015372
1 0.000015374
1 0.000015380
1 0.000015387
1 0.000015391
1 0.000015393
1 0.000015394
1 0.000015402
1 0.000015412
1 0.000015413
1 0.000015429
1 0.000015431
1 0.000015436
1 0.000015440
1 0.000015444
1 0.000015445
1 0.000015448
1 0.000015453
1 0.000015460
1 0.000015467
1 0.000015478
1 0.000015490
1 0.000015492
1 0.000015498
1 0.000015521
1 0.000015528
1 0.000015534
1 0.000015540
1 0.000015552
1 0.000015599
1 0.000015604
1 0.000015606
1 0.000015613
1 0.000015622
1 0.000015641
1 0.000015646
1 0.000015657
1 0.000015658
1 0.000015669
1 0.000015679
1 0.000015688
1 0.000015696
1 0.000015699
1 0.000015708
1 0.000015714
1 0.000015716
1 0.000015724
1 0.000015729
1 0.000015733
1 0.000015743
1 0.000015755
1 0.000015762
1 0.000015764
1 0.000015777
1 0.000015778
1 0.000015791
1 0.000015794
1 0.000015817
1 0.000015821
1 0.000015825
1 0.000015826
1 0.000015827
1 0.000015831
1 0.000015834
1 0.000015839
1 0.000015843
1 0.000015845
1 0.000015847
1 0.000015855
1 0.000015859
1 0.000015881
1 0.000015887
1 0.000015905
1 0.000015908
1 0.000015914
1 0.000015922
1 0.000015930
1 0.000015935
1 0.000015936
1 0.000015940
1 0.000015943
1 0.000015945
1 0.000015949
1 0.000015970
1 0.000015974
1 0.000015977
1 0.000015978
1 0.000015979
1 0.000015994
1 0.000016017
1 0.000016018
1 0.000016021
1 0.000016028
1 0.000016032
1 0.000016033
1 0.000016034
1 0.000016041
1 0.000016042
1 0.000016045
1 0.000016055
1 0.000016057
1 0.000016066
1 0.000016068
1 0.000016075
1 0.000016079
1 0.000016082
1 0.000016088
1 0.000016090
1 0.000016103
1 0.000016143
1 0.000016149
1 0.000016152
1 0.000016160
1 0.000016162
1 0.000016166
1 0.000016174
1 0.000016177
1 0.000016181
1 0.000016184
1 0.000016185
1 0.000016190
1 0.000016200
1 0.000016207
1 0.000016208
1 0.000016211
1 0.000016224
1 0.000016225
1 0.000016227
1 0.000016232
1 0.000016238
1 0.000016245
1 0.000016257
1 0.000016261
1 0.000016263
1 0.000016264
1 0.000016267
1 0.000016268
1 0.000016269
1 0.000016278
1 0.000016288
1 0.000016298
1 0.000016302
1 0.000016308
1 0.000016309
1 0.000016310
1 0.000016315
1 0.000016326
1 0.000016328
1 0.000016335
1 0.000016355
1 0.000016360
1 0.000016366
1 0.000016388
1 0.000016390
1 0.000016392
1 0.000016398
1 0.000016404
1 0.000016405
1 0.000016408
1 0.000016418
1 0.000016419
1 0.000016428
1 0.000016447
1 0.000016461
1 0.000016465
1 0.000016467
1 0.000016468
1 0.000016475
1 0.000016478
1 0.000016492
1 0.000016494
1 0.000016507
1 0.000016514
1 0.000016515
1 0.000016516
1 0.000016528
1 0.000016531
1 0.000016534
1 0.000016535
1 0.000016545
1 0.000016546
1 0.000016548
1 0.000016565
1 0.000016571
1 0.000016572
1 0.000016574
1 0.000016575
1 0.000016595
1 0.000016606
1 0.000016624
1 0.000016626
1 0.000016628
1 0.000016633
1 0.000016650
1 0.000016653
1 0.000016661
1 0.000016673
1 0.000016678
1 0.000016680
1 0.000016686
1 0.000016691
1 0.000016697
1 0.000016698
1 0.000016726
1 0.000016735
1 0.000016750
1 0.000016753
1 0.000016769
1 0.000016771
1 0.000016772
1 0.000016774
1 0.000016783
1 0.000016801
1 0.000016813
1 0.000016827
1 0.000016836
1 0.000016840
1 0.000016844
1 0.000016850
1 0.000016864
1 0.000016866
1 0.000016885
1 0.000016891
1 0.000016899
1 0.000016906
1 0.000016929
1 0.000016930
1 0.000016951
1 0.000016953
1 0.000016964
1 0.000016966
1 0.000016967
1 0.000016969
1 0.000016976
1 0.000016977
1 0.000016981
1 0.000016982
1 0.000016988
1 0.000017002
1 0.000017008
1 0.000017013
1 0.000017019
1 0.000017022
1 0.000017031
1 0.000017049
1 0.000017070
1 0.000017076
1 0.000017085
1 0.000017098
1 0.000017102
1 0.000017111
1 0.000017117
1 0.000017119
1 0.000017146
1 0.000017177
1 0.000017179
1 0.000017191
1 0.000017194
1 0.000017197
1 0.000017206
1 0.000017212
1 0.000017237
1 0.000017242
1 0.000017245
1 0.000017250
1 0.000017254
1 0.000017257
1 0.000017259
1 0.000017260
1 0.000017266
1 0.000017272
1 0.000017284
1 0.000017285
1 0.000017295
1 0.000017308
1 0.000017309
1 0.000017317
1 0.000017320
1 0.000017331
1 0.000017332
1 0.000017363
1 0.000017366
1 0.000017377
1 0.000017385
1 0.000017388
1 0.000017400
1 0.000017402
1 0.000017404
1 0.000017424
1 0.000017426
1 0.000017432
1 0.000017436
1 0.000017437
1 0.000017445
1 0.000017449
1 0.000017454
1 0.000017466
1 0.000017469
1 0.000017472
1 0.000017473
1 0.000017486
1 0.000017492
1 0.000017493
1 0.000017497
1 0.000017503
1 0.000017504
1 0.000017505
1 0.000017515
1 0.000017521
1 0.000017526
1 0.000017535
1 0.000017552
1 0.000017557
1 0.000017561
1 0.000017563
1 0.000017572
1 0.000017578
1 0.000017580
1 0.000017583
1 0.000017589
1 0.000017595
1 0.000017596
1 0.000017600
1 0.000017603
1 0.000017605
1 0.000017609
1 0.000017618
1 0.000017622
1 0.000017627
1 0.000017629
1 0.000017635
1 0.000017644
1 0.000017646
1 0.000017649
1 0.000017658
1 0.000017661
1 0.000017670
1 0.000017678
1 0.000017680
1 0.000017691
1 0.000017694
1 0.000017695
1 0.000017700
1 0.000017704
1 0.000017706
1 0.000017709
1 0.000017711
1 0.000017715
1 0.000017726
1 0.000017735
1 0.000017743
1 0.000017746
1 0.000017752
1 0.000017754
1 0.000017758
1 0.000017764
1 0.000017766
1 0.000017771
1 0.000017772
1 0.000017773
1 0.000017775
1 0.000017780
1 0.000017795
1 0.000017818
1 0.000017830
1 0.000017831
1 0.000017835
1 0.000017848
1 0.000017852
1 0.000017857
1 0.000017867
1 0.000017869
1 0.000017872
1 0.000017877
1 0.000017879
1 0.000017893
1 0.000017901
1 0.000017909
1 0.000017918
1 0.000017919
1 0.000017921
1 0.000017935
1 0.000017942
1 0.000017945
1 0.000017947
1 0.000017951
1 0.000017952
1 0.000017953
1 0.000017964
1 0.000017965
1 0.000017966
1 0.000017969
1 0.000017974
1 0.000017987
1 0.000017990
1 0.000017996
1 0.000017999
1 0.000018010
1 0.000018019
1 0.000018021
1 0.000018053
1 0.000018067
1 0.000018085
1 0.000018101
1 0.000018108
1 0.000018127
1 0.000018142
1 0.000018153
1 0.000018154
1 0.000018158
1 0.000018162
1 0.000018165
1 0.000018188
1 0.000018191
1 0.000018194
1 0.000018196
1 0.000018210
1 0.000018228
1 0.000018230
1 0.000018234
1 0.000018236
1 0.000018241
1 0.000018242
1 0.000018245
1 0.000018251
1 0.000018256
1 0.000018259
1 0.000018282
1 0.000018287
1 0.000018288
1 0.000018291
1 0.000018299
1 0.000018305
1 0.000018311
1 0.000018312
1 0.000018322
1 0.000018331
1 0.000018333
1 0.000018362
1 0.000018370
1 0.000018397
1 0.000018402
1 0.000018405
1 0.000018408
1 0.000018414
1 0.000018420
1 0.000018423
1 0.000018428
1 0.000018434
1 0.000018437
1 0.000018454
1 0.000018459
1 0.000018469
1 0.000018471
1 0.000018483
1 0.000018494
1 0.000018499
1 0.000018500
1 0.000018520
1 0.000018525
1 0.000018527
1 0.000018528
1 0.000018531
1 0.000018535
1 0.000018564
1 0.000018565
1 0.000018569
1 0.000018574
1 0.000018582
1 0.000018583
1 0.000018588
1 0.000018589
1 0.000018594
1 0.000018595
1 0.000018609
1 0.000018617
1 0.000018623
1 0.000018626
1 0.000018632
1 0.000018646
1 0.000018660
1 0.000018668
1 0.000018669
1 0.000018680
1 0.000018681
1 0.000018683
1 0.000018694
1 0.000018700
1 0.000018714
1 0.000018723
1 0.000018727
1 0.000018744
1 0.000018746
1 0.000018754
1 0.000018758
1 0.000018766
1 0.000018774
1 0.000018780
1 0.000018789
1 0.000018794
1 0.000018806
1 0.000018815
1 0.000018821
1 0.000018827
1 0.000018832
1 0.000018842
1 0.000018843
1 0.000018844
1 0.000018847
1 0.000018860
1 0.000018864
1 0.000018870
1 0.000018884
1 0.000018898
1 0.000018900
1 0.000018907
1 0.000018911
1 0.000018915
1 0.000018918
1 0.000018921
1 0.000018932
1 0.000018944
1 0.000018947
1 0.000018948
1 0.000018953
1 0.000018958
1 0.000018963
1 0.000018964
1 0.000018966
1 0.000018969
1 0.000018973
1 0.000018975
1 0.000018978
1 0.000018980
1 0.000019000
1 0.000019003
1 0.000019006
1 0.000019007
1 0.000019010
1 0.000019026
1 0.000019027
1 0.000019036
1 0.000019037
1 0.000019073
1 0.000019084
1 0.000019090
1 0.000019104
1 0.000019107
1 0.000019113
1 0.000019116
1 0.000019132
1 0.000019141
1 0.000019150
1 0.000019172
1 0.000019178
1 0.000019188
1 0.000019189
1 0.000019194
1 0.000019201
1 0.000019207
1 0.000019215
1 0.000019228
1 0.000019230
1 0.000019241
1 0.000019245
1 0.000019247
1 0.000019248
1 0.000019251
1 0.000019255
1 0.000019258
1 0.000019264
1 0.000019272
1 0.000019290
1 0.000019302
1 0.000019311
1 0.000019314
1 0.000019328
1 0.000019333
1 0.000019342
1 0.000019345
1 0.000019367
1 0.000019369
1 0.000019374
1 0.000019379
1 0.000019390
1 0.000019396
1 0.000019408
1 0.000019413
1 0.000019425
1 0.000019426
1 0.000019431
1 0.000019433
1 0.000019435
1 0.000019447
1 0.000019454
1 0.000019465
1 0.000019471
1 0.000019474
1 0.000019476
1 0.000019482
1 0.000019491
1 0.000019493
1 0.000019494
1 0.000019505
1 0.000019508
1 0.000019528
1 0.000019531
1 0.000019538
1 0.000019547
1 0.000019557
1 0.000019568
1 0.000019574
1 0.000019580
1 0.000019582
1 0.000019589
1 0.000019597
1 0.000019599
1 0.000019617
1 0.000019628
1 0.000019629
1 0.000019635
1 0.000019639
1 0.000019652
1 0.000019660
1 0.000019661
1 0.000019662
1 0.000019663
1 0.000019674
1 0.000019679
1 0.000019686
1 0.000019688
1 0.000019695
1 0.000019699
1 0.000019702
1 0.000019710
1 0.000019714
1 0.000019715
1 0.000019719
1 0.000019723
1 0.000019728
1 0.000019730
1 0.000019732
1 0.000019734
1 0.000019740
1 0.000019743
1 0.000019748
1 0.000019751
1 0.000019758
1 0.000019775
1 0.000019786
1 0.000019788
1 0.000019793
1 0.000019797
1 0.000019808
1 0.000019811
1 0.000019816
1 0.000019817
1 0.000019823
1 0.000019826
1 0.000019853
1 0.000019858
1 0.000019859
1 0.000019868
1 0.000019875
1 0.000019876
1 0.000019889
1 0.000019893
1 0.000019906
1 0.000019911
1 0.000019915
1 0.000019930
1 0.000019932
1 0.000019933
1 0.000019934
1 0.000019943
1 0.000019966
1 0.000019975
1 0.000019989
1 0.000020015
1 0.000020020
1 0.000020021
1 0.000020023
1 0.000020026
1 0.000020029
1 0.000020030
1 0.000020033
1 0.000020044
1 0.000020067
1 0.000020069
1 0.000020073
1 0.000020080
1 0.000020083
1 0.000020089
1 0.000020119
1 0.000020126
1 0.000020133
1 0.000020146
1 0.000020149
1 0.000020151
1 0.000020156
1 0.000020157
1 0.000020169
1 0.000020175
1 0.000020180
1 0.000020181
1 0.000020192
1 0.000020199
1 0.000020206
1 0.000020209
1 0.000020210
1 0.000020219
1 0.000020220
1 0.000020226
1 0.000020229
1 0.000020236
1 0.000020239
1 0.000020240
1 0.000020242
1 0.000020246
1 0.000020247
1 0.000020250
1 0.000020252
1 0.000020253
1 0.000020270
1 0.000020274
1 0.000020280
1 0.000020281
1 0.000020283
1 0.000020297
1 0.000020301
1 0.000020304
1 0.000020307
1 0.000020313
1 0.000020316
1 0.000020324
1 0.000020326
1 0.000020327
1 0.000020330
1 0.000020333
1 0.000020341
1 0.000020346
1 0.000020350
1 0.000020367
1 0.000020376
1 0.000020377
1 0.000020384
1 0.000020389
1 0.000020395
1 0.000020397
1 0.000020400
1 0.000020401
1 0.000020406
1 0.000020410
1 0.000020416
1 0.000020424
1 0.000020434
1 0.000020439
1 0.000020443
1 0.000020452
1 0.000020453
1 0.000020454
1 0.000020457
1 0.000020458
1 0.000020464
1 0.000020467
1 0.000020470
1 0.000020473
1 0.000020474
1 0.000020487
1 0.000020498
1 0.000020501
1 0.000020502
1 0.000020504
1 0.000020505
1 0.000020509
1 0.000020521
1 0.000020542
1 0.000020543
1 0.000020551
1 0.000020562
1 0.000020564
1 0.000020565
1 0.000020588
1 0.000020594
1 0.000020598
1 0.000020611
1 0.000020624
1 0.000020627
1 0.000020635
1 0.000020636
1 0.000020641
1 0.000020647
1 0.000020659
1 0.000020660
1 0.000020665
1 0.000020670
1 0.000020674
1 0.000020675
1 0.000020684
1 0.000020688
1 0.000020702
1 0.000020704
1 0.000020705
1 0.000020714
1 0.000020720
1 0.000020722
1 0.000020731
1 0.000020738
1 0.000020747
1 0.000020770
1 0.000020778
1 0.000020799
1 0.000020805
1 0.000020814
1 0.000020817
1 0.000020819
1 0.000020825
1 0.000020831
1 0.000020860
1 0.000020864
1 0.000020868
1 0.000020891
1 0.000020893
1 0.000020906
1 0.000020908
1 0.000020912
1 0.000020916
1 0.000020921
1 0.000020931
1 0.000020942
1 0.000020947
1 0.000020952
1 0.000020957
1 0.000020964
1 0.000020968
1 0.000020971
1 0.000020972
1 0.000020978
1 0.000020979
1 0.000021003
1 0.000021018
1 0.000021026
1 0.000021032
1 0.000021045
1 0.000021048
1 0.000021054
1 0.000021066
1 0.000021076
1 0.000021078
1 0.000021079
1 0.000021106
1 0.000021122
1 0.000021128
1 0.000021144
1 0.000021153
1 0.000021165
1 0.000021183
1 0.000021195
1 0.000021200
1 0.000021205
1 0.000021219
1 0.000021239
1 0.000021246
1 0.000021259
1 0.000021262
1 0.000021276
1 0.000021279
1 0.000021286
1 0.000021299
1 0.000021303
1 0.000021310
1 0.000021317
1 0.000021318
1 0.000021319
1 0.000021326
1 0.000021333
1 0.000021342
1 0.000021346
1 0.000021347
1 0.000021365
1 0.000021375
1 0.000021393
1 0.000021413
1 0.000021423
1 0.000021426
1 0.000021439
1 0.000021440
1 0.000021447
1 0.000021451
1 0.000021455
1 0.000021459
1 0.000021460
1 0.000021465
1 0.000021482
1 0.000021483
1 0.000021486
1 0.000021493
1 0.000021497
1 0.000021498
1 0.000021501
1 0.000021523
1 0.000021524
1 0.000021526
1 0.000021530
1 0.000021536
1 0.000021550
1 0.000021553
1 0.000021576
1 0.000021580
1 0.000021584
1 0.000021599
1 0.000021610
1 0.000021616
1 0.000021626
1 0.000021630
1 0.000021636
1 0.000021643
1 0.000021653
1 0.000021654
1 0.000021661
1 0.000021679
1 0.000021681
1 0.000021707
1 0.000021713
1 0.000021714
1 0.000021717
1 0.000021720
1 0.000021730
1 0.000021735
1 0.000021747
1 0.000021754
1 0.000021755
1 0.000021761
1 0.000021764
1 0.000021773
1 0.000021787
1 0.000021794
1 0.000021807
1 0.000021823
1 0.000021827
1 0.000021829
1 0.000021850
1 0.000021853
1 0.000021854
1 0.000021857
1 0.000021861
1 0.000021862
1 0.000021866
1 0.000021867
1 0.000021873
1 0.000021877
1 0.000021878
1 0.000021882
1 0.000021884
1 0.000021894
1 0.000021896
1 0.000021897
1 0.000021905
1 0.000021912
1 0.000021915
1 0.000021918
1 0.000021920
1 0.000021921
1 0.000021922
1 0.000021923
1 0.000021951
1 0.000021957
1 0.000021964
1 0.000021968
1 0.000021971
1 0.000021974
1 0.000021976
1 0.000021977
1 0.000021978
1 0.000021990
1 0.000021991
1 0.000021994
1 0.000021998
1 0.000022000
1 0.000022004
1 0.000022008
1 0.000022021
1 0.000022031
1 0.000022035
1 0.000022044
1 0.000022048
1 0.000022050
1 0.000022054
1 0.000022064
1 0.000022068
1 0.000022070
1 0.000022073
1 0.000022081
1 0.000022084
1 0.000022087
1 0.000022097
1 0.000022104
1 0.000022105
1 0.000022111
1 0.000022116
1 0.000022124
1 0.000022127
1 0.000022128
1 0.000022136
1 0.000022137
1 0.000022142
1 0.000022153
1 0.000022154
1 0.000022155
1 0.000022158
1 0.000022159
1 0.000022161
1 0.000022165
1 0.000022174
1 0.000022181
1 0.000022184
1 0.000022188
1 0.000022201
1 0.000022204
1 0.000022214
1 0.000022218
1 0.000022220
1 0.000022221
1 0.000022223
1 0.000022229
1 0.000022234
1 0.000022244
1 0.000022248
1 0.000022251
1 0.000022252
1 0.000022260
1 0.000022264
1 0.000022268
1 0.000022279
1 0.000022281
1 0.000022282
1 0.000022285
1 0.000022288
1 0.000022298
1 0.000022309
1 0.000022317
1 0.000022318
1 0.000022321
1 0.000022328
1 0.000022332
1 0.000022335
1 0.000022338
1 0.000022341
1 0.000022352
1 0.000022355
1 0.000022359
1 0.000022364
1 0.000022371
1 0.000022378
1 0.000022385
1 0.000022391
1 0.000022394
1 0.000022396
1 0.000022398
1 0.000022404
1 0.000022408
1 0.000022415
1 0.000022422
1 0.000022425
1 0.000022428
1 0.000022429
1 0.000022437
1 0.000022439
1 0.000022441
1 0.000022451
1 0.000022457
1 0.000022458
1 0.000022459
1 0.000022465
1 0.000022468
1 0.000022471
1 0.000022481
1 0.000022485
1 0.000022491
1 0.000022495
1 0.000022497
1 0.000022501
1 0.000022511
1 0.000022513
1 0.000022515
1 0.000022539
1 0.000022541
1 0.000022543
1 0.000022544
1 0.000022548
1 0.000022554
1 0.000022562
1 0.000022581
1 0.000022583
1 0.000022588
1 0.000022589
1 0.000022599
1 0.000022605
1 0.000022608
1 0.000022609
1 0.000022612
1 0.000022615
1 0.000022619
1 0.000022621
1 0.000022622
1 0.000022632
1 0.000022639
1 0.000022646
1 0.000022655
1 0.000022656
1 0.000022665
1 0.000022688
1 0.000022689
1 0.000022693
1 0.000022699
1 0.000022706
1 0.000022711
1 0.000022712
1 0.000022713
1 0.000022720
1 0.000022723
1 0.000022725
1 0.000022728
1 0.000022732
1 0.000022733
1 0.000022769
1 0.000022819
1 0.000022823
1 0.000022827
1 0.000022836
1 0.000022842
1 0.000022845
1 0.000022861
1 0.000022866
1 0.000022868
1 0.000022870
1 0.000022896
1 0.000022902
1 0.000022905
1 0.000022906
1 0.000022913
1 0.000022919
1 0.000022920
1 0.000022929
1 0.000022940
1 0.000022946
1 0.000022965
1 0.000022967
1 0.000022996
1 0.000023002
1 0.000023009
1 0.000023013
1 0.000023019
1 0.000023022
1 0.000023030
1 0.000023043
1 0.000023056
1 0.000023057
1 0.000023077
1 0.000023093
1 0.000023097
1 0.000023107
1 0.000023109
1 0.000023113
1 0.000023122
1 0.000023123
1 0.000023128
1 0.000023129
1 0.000023141
1 0.000023142
1 0.000023147
1 0.000023163
1 0.000023173
1 0.000023176
1 0.000023177
1 0.000023180
1 0.000023184
1 0.000023193
1 0.000023198
1 0.000023203
1 0.000023217
1 0.000023227
1 0.000023245
1 0.000023247
1 0.000023259
1 0.000023267
1 0.000023277
1 0.000023283
1 0.000023293
1 0.000023300
1 0.000023301
1 0.000023311
1 0.000023316
1 0.000023322
1 0.000023323
1 0.000023325
1 0.000023334
1 0.000023341
1 0.000023344
1 0.000023351
1 0.000023370
1 0.000023374
1 0.000023377
1 0.000023396
1 0.000023407
1 0.000023408
1 0.000023409
1 0.000023417
1 0.000023425
1 0.000023430
1 0.000023431
1 0.000023436
1 0.000023437
1 0.000023440
1 0.000023441
1 0.000023442
1 0.000023447
1 0.000023464
1 0.000023470
1 0.000023475
1 0.000023478
1 0.000023498
1 0.000023504
1 0.000023506
1 0.000023524
1 0.000023531
1 0.000023534
1 0.000023547
1 0.000023548
1 0.000023550
1 0.000023552
1 0.000023558
1 0.000023562
1 0.000023564
1 0.000023566
1 0.000023573
1 0.000023581
1 0.000023588
1 0.000023595
1 0.000023599
1 0.000023601
1 0.000023604
1 0.000023608
1 0.000023610
1 0.000023628
1 0.000023630
1 0.000023658
1 0.000023664
1 0.000023682
1 0.000023687
1 0.000023691
1 0.000023705
1 0.000023708
1 0.000023727
1 0.000023731
1 0.000023755
1 0.000023759
1 0.000023782
1 0.000023783
1 0.000023794
1 0.000023807
1 0.000023811
1 0.000023814
1 0.000023818
1 0.000023823
1 0.000023826
1 0.000023827
1 0.000023839
1 0.000023843
1 0.000023858
1 0.000023872
1 0.000023897
1 0.000023907
1 0.000023911
1 0.000023922
1 0.000023926
1 0.000023935
1 0.000023943
1 0.000023958
1 0.000023967
1 0.000023971
1 0.000023979
1 0.000023988
1 0.000023995
1 0.000023999
1 0.000024000
1 0.000024015
1 0.000024016
1 0.000024026
1 0.000024031
1 0.000024055
1 0.000024067
1 0.000024069
1 0.000024075
1 0.000024076
1 0.000024091
1 0.000024108
1 0.000024113
1 0.000024123
1 0.000024128
1 0.000024144
1 0.000024148
1 0.000024156
1 0.000024159
1 0.000024175
1 0.000024178
1 0.000024188
1 0.000024197
1 0.000024220
1 0.000024224
1 0.000024228
1 0.000024236
1 0.000024240
1 0.000024252
1 0.000024262
1 0.000024293
1 0.000024296
1 0.000024300
1 0.000024306
1 0.000024309
1 0.000024316
1 0.000024317
1 0.000024320
1 0.000024324
1 0.000024339
1 0.000024345
1 0.000024362
1 0.000024364
1 0.000024380
1 0.000024383
1 0.000024388
1 0.000024395
1 0.000024400
1 0.000024417
1 0.000024427
1 0.000024429
1 0.000024430
1 0.000024436
1 0.000024453
1 0.000024461
1 0.000024464
1 0.000024477
1 0.000024501
1 0.000024516
1 0.000024520
1 0.000024523
1 0.000024548
1 0.000024553
1 0.000024560
1 0.000024565
1 0.000024573
1 0.000024576
1 0.000024588
1 0.000024591
1 0.000024594
1 0.000024597
1 0.000024624
1 0.000024625
1 0.000024637
1 0.000024649
1 0.000024653
1 0.000024661
1 0.000024683
1 0.000024686
1 0.000024690
1 0.000024693
1 0.000024705
1 0.000024717
1 0.000024733
1 0.000024737
1 0.000024749
1 0.000024753
1 0.000024757
1 0.000024761
1 0.000024766
1 0.000024770
1 0.000024773
1 0.000024779
1 0.000024793
1 0.000024812
1 0.000024834
1 0.000024844
1 0.000024853
1 0.000024865
1 0.000024870
1 0.000024885
1 0.000024887
1 0.000024890
1 0.000024905
1 0.000024906
1 0.000024908
1 0.000024921
1 0.000024925
1 0.000024956
1 0.000024969
1 0.000024970
1 0.000024995
1 0.000024998
1 0.000025030
1 0.000025034
1 0.000025078
1 0.000025081
1 0.000025105
1 0.000025114
1 0.000025118
1 0.000025120
1 0.000025129
1 0.000025130
1 0.000025142
1 0.000025145
1 0.000025146
1 0.000025169
1 0.000025173
1 0.000025174
1 0.000025182
1 0.000025183
1 0.000025195
1 0.000025236
1 0.000025239
1 0.000025250
1 0.000025252
1 0.000025258
1 0.000025274
1 0.000025275
1 0.000025294
1 0.000025295
1 0.000025301
1 0.000025307
1 0.000025317
1 0.000025318
1 0.000025343
1 0.000025351
1 0.000025362
1 0.000025366
1 0.000025370
1 0.000025375
1 0.000025382
1 0.000025386
1 0.000025391
1 0.000025392
1 0.000025394
1 0.000025398
1 0.000025410
1 0.000025414
1 0.000025423
1 0.000025442
1 0.000025445
1 0.000025446
1 0.000025447
1 0.000025450
1 0.000025462
1 0.000025487
1 0.000025496
1 0.000025504
1 0.000025508
1 0.000025510
1 0.000025516
1 0.000025518
1 0.000025519
1 0.000025535
1 0.000025542
1 0.000025563
1 0.000025576
1 0.000025579
1 0.000025583
1 0.000025598
1 0.000025615
1 0.000025619
1 0.000025650
1 0.000025655
1 0.000025662
1 0.000025663
1 0.000025667
1 0.000025677
1 0.000025685
1 0.000025686
1 0.000025695
1 0.000025723
1 0.000025728
1 0.000025746
1 0.000025748
1 0.000025753
1 0.000025769
1 0.000025772
1 0.000025784
1 0.000025800
1 0.000025803
1 0.000025811
1 0.000025819
1 0.000025820
1 0.000025831
1 0.000025860
1 0.000025882
1 0.000025891
1 0.000025899
1 0.000025900
1 0.000025903
1 0.000025919
1 0.000025924
1 0.000025929
1 0.000025936
1 0.000025949
1 0.000025950
1 0.000025963
1 0.000025964
1 0.000025975
1 0.000025976
1 0.000025988
1 0.000026010
1 0.000026012
1 0.000026015
1 0.000026019
1 0.000026021
1 0.000026054
1 0.000026060
1 0.000026065
1 0.000026068
1 0.000026074
1 0.000026076
1 0.000026080
1 0.000026088
1 0.000026092
1 0.000026096
1 0.000026101
1 0.000026106
1 0.000026114
1 0.000026144
1 0.000026145
1 0.000026149
1 0.000026151
1 0.000026152
1 0.000026158
1 0.000026189
1 0.000026198
1 0.000026203
1 0.000026206
1 0.000026233
1 0.000026234
1 0.000026246
1 0.000026269
1 0.000026270
1 0.000026283
1 0.000026288
1 0.000026299
1 0.000026308
1 0.000026313
1 0.000026321
1 0.000026334
1 0.000026341
1 0.000026365
1 0.000026399
1 0.000026408
1 0.000026414
1 0.000026425
1 0.000026428
1 0.000026438
1 0.000026440
1 0.000026452
1 0.000026453
1 0.000026456
1 0.000026460
1 0.000026467
1 0.000026469
1 0.000026485
1 0.000026486
1 0.000026487
1 0.000026501
1 0.000026517
1 0.000026525
1 0.000026527
1 0.000026532
1 0.000026533
1 0.000026541
1 0.000026549
1 0.000026551
1 0.000026560
1 0.000026561
1 0.000026568
1 0.000026576
1 0.000026585
1 0.000026594
1 0.000026601
1 0.000026603
1 0.000026619
1 0.000026626
1 0.000026630
1 0.000026640
1 0.000026641
1 0.000026648
1 0.000026654
1 0.000026661
1 0.000026666
1 0.000026668
1 0.000026670
1 0.000026683
1 0.000026691
1 0.000026702
1 0.000026717
1 0.000026718
1 0.000026723
1 0.000026733
1 0.000026738
1 0.000026763
1 0.000026772
1 0.000026794
1 0.000026799
1 0.000026806
1 0.000026818
1 0.000026821
1 0.000026825
1 0.000026830
1 0.000026834
1 0.000026838
1 0.000026843
1 0.000026844
1 0.000026845
1 0.000026846
1 0.000026854
1 0.000026862
1 0.000026866
1 0.000026868
1 0.000026871
1 0.000026875
1 0.000026876
1 0.000026879
1 0.000026884
1 0.000026885
1 0.000026902
1 0.000026906
1 0.000026907
1 0.000026919
1 0.000026929
1 0.000026930
1 0.000026946
1 0.000026955
1 0.000026970
1 0.000026978
1 0.000026982
1 0.000026986
1 0.000027011
1 0.000027022
1 0.000027023
1 0.000027035
1 0.000027057
1 0.000027083
1 0.000027085
1 0.000027093
1 0.000027094
1 0.000027115
1 0.000027121
1 0.000027129
1 0.000027151
1 0.000027155
1 0.000027160
1 0.000027164
1 0.000027166
1 0.000027182
1 0.000027187
1 0.000027196
1 0.000027204
1 0.000027205
1 0.000027210
1 0.000027214
1 0.000027216
1 0.000027222
1 0.000027231
1 0.000027234
1 0.000027235
1 0.000027236
1 0.000027245
1 0.000027258
1 0.000027263
1 0.000027273
1 0.000027284
1 0.000027290
1 0.000027292
1 0.000027315
1 0.000027329
1 0.000027335
1 0.000027339
1 0.000027347
1 0.000027356
1 0.000027365
1 0.000027367
1 0.000027383
1 0.000027397
1 0.000027410
1 0.000027411
1 0.000027413
1 0.000027420
1 0.000027424
1 0.000027428
1 0.000027431
1 0.000027436
1 0.000027441
1 0.000027454
1 0.000027463
1 0.000027471
1 0.000027472
1 0.000027476
1 0.000027485
1 0.000027486
1 0.000027492
1 0.000027493
1 0.000027508
1 0.000027521
1 0.000027524
1 0.000027539
1 0.000027543
1 0.000027552
1 0.000027560
1 0.000027563
1 0.000027565
1 0.000027566
1 0.000027573
1 0.000027575
1 0.000027583
1 0.000027589
1 0.000027593
1 0.000027603
1 0.000027607
1 0.000027610
1 0.000027613
1 0.000027616
1 0.000027620
1 0.000027649
1 0.000027651
1 0.000027672
1 0.000027679
1 0.000027687
1 0.000027691
1 0.000027694
1 0.000027713
1 0.000027752
1 0.000027776
1 0.000027780
1 0.000027784
1 0.000027798
1 0.000027802
1 0.000027814
1 0.000027816
1 0.000027819
1 0.000027824
1 0.000027828
1 0.000027833
1 0.000027838
1 0.000027841
1 0.000027842
1 0.000027847
1 0.000027850
1 0.000027851
1 0.000027854
1 0.000027856
1 0.000027864
1 0.000027868
1 0.000027879
1 0.000027901
1 0.000027904
1 0.000027905
1 0.000027932
1 0.000027934
1 0.000027936
1 0.000027949
1 0.000027961
1 0.000027965
1 0.000027967
1 0.000027970
1 0.000028001
1 0.000028004
1 0.000028007
1 0.000028021
1 0.000028024
1 0.000028033
1 0.000028034
1 0.000028050
1 0.000028065
1 0.000028073
1 0.000028079
1 0.000028080
1 0.000028092
1 0.000028104
1 0.000028110
1 0.000028113
1 0.000028117
1 0.000028119
1 0.000028121
1 0.000028135
1 0.000028153
1 0.000028159
1 0.000028160
1 0.000028165
1 0.000028166
1 0.000028168
1 0.000028171
1 0.000028175
1 0.000028184
1 0.000028191
1 0.000028199
1 0.000028206
1 0.000028212
1 0.000028216
1 0.000028220
1 0.000028225
1 0.000028246
1 0.000028255
1 0.000028260
1 0.000028265
1 0.000028278
1 0.000028301
1 0.000028303
1 0.000028310
1 0.000028311
1 0.000028319
1 0.000028324
1 0.000028333
1 0.000028340
1 0.000028345
1 0.000028346
1 0.000028354
1 0.000028356
1 0.000028359
1 0.000028360
1 0.000028363
1 0.000028366
1 0.000028375
1 0.000028381
1 0.000028404
1 0.000028408
1 0.000028425
1 0.000028426
1 0.000028430
1 0.000028435
1 0.000028448
1 0.000028453
1 0.000028456
1 0.000028460
1 0.000028466
1 0.000028479
1 0.000028483
1 0.000028502
1 0.000028510
1 0.000028521
1 0.000028531
1 0.000028540
1 0.000028564
1 0.000028566
1 0.000028567
1 0.000028575
1 0.000028586
1 0.000028595
1 0.000028604
1 0.000028608
1 0.000028612
1 0.000028621
1 0.000028626
1 0.000028633
1 0.000028638
1 0.000028641
1 0.000028646
1 0.000028661
1 0.000028666
1 0.000028701
1 0.000028707
1 0.000028711
1 0.000028712
1 0.000028723
1 0.000028738
1 0.000028741
1 0.000028747
1 0.000028751
1 0.000028761
1 0.000028766
1 0.000028769
1 0.000028781
1 0.000028782
1 0.000028794
1 0.000028819
1 0.000028821
1 0.000028822
1 0.000028826
1 0.000028844
1 0.000028851
1 0.000028866
1 0.000028872
1 0.000028884
1 0.000028892
1 0.000028897
1 0.000028907
1 0.000028917
1 0.000028919
1 0.000028932
1 0.000028942
1 0.000028943
1 0.000028951
1 0.000028952
1 0.000028955
1 0.000028958
1 0.000028968
1 0.000028971
1 0.000028974
1 0.000028977
1 0.000028984
1 0.000028995
1 0.000029000
1 0.000029013
1 0.000029022
1 0.000029026
1 0.000029032
1 0.000029036
1 0.000029037
1 0.000029047
1 0.000029056
1 0.000029062
1 0.000029066
1 0.000029067
1 0.000029075
1 0.000029082
1 0.000029090
1 0.000029092
1 0.000029102
1 0.000029104
1 0.000029115
1 0.000029117
1 0.000029142
1 0.000029150
1 0.000029151
1 0.000029212
1 0.000029223
1 0.000029232
1 0.000029237
1 0.000029243
1 0.000029247
1 0.000029267
1 0.000029272
1 0.000029280
1 0.000029281
1 0.000029282
1 0.000029290
1 0.000029316
1 0.000029317
1 0.000029320
1 0.000029323
1 0.000029335
1 0.000029336
1 0.000029343
1 0.000029347
1 0.000029352
1 0.000029360
1 0.000029371
1 0.000029377
1 0.000029383
1 0.000029388
1 0.000029392
1 0.000029403
1 0.000029414
1 0.000029422
1 0.000029423
1 0.000029426
1 0.000029428
1 0.000029433
1 0.000029438
1 0.000029443
1 0.000029447
1 0.000029448
1 0.000029449
1 0.000029458
1 0.000029460
1 0.000029463
1 0.000029464
1 0.000029472
1 0.000029490
1 0.000029499
1 0.000029503
1 0.000029513
1 0.000029522
1 0.000029532
1 0.000029533
1 0.000029543
1 0.000029571
1 0.000029573
1 0.000029578
1 0.000029583
1 0.000029608
1 0.000029633
1 0.000029643
1 0.000029644
1 0.000029648
1 0.000029654
1 0.000029684
1 0.000029716
1 0.000029724
1 0.000029728
1 0.000029729
1 0.000029734
1 0.000029739
1 0.000029740
1 0.000029748
1 0.000029751
1 0.000029757
1 0.000029772
1 0.000029784
1 0.000029793
1 0.000029796
1 0.000029818
1 0.000029829
1 0.000029844
1 0.000029848
1 0.000029859
1 0.000029868
1 0.000029869
1 0.000029874
1 0.000029876
1 0.000029888
1 0.000029890
1 0.000029891
1 0.000029894
1 0.000029903
1 0.000029914
1 0.000029929
1 0.000029943
1 0.000029949
1 0.000029954
1 0.000029958
1 0.000029964
1 0.000029965
1 0.000029966
1 0.000029973
1 0.000029994
1 0.000029999
1 0.000030004
1 0.000030014
1 0.000030024
1 0.000030034
1 0.000030035
1 0.000030039
1 0.000030044
1 0.000030054
1 0.000030057
1 0.000030059
1 0.000030069
1 0.000030074
1 0.000030079
1 0.000030080
1 0.000030084
1 0.000030092
1 0.000030095
1 0.000030100
1 0.000030104
1 0.000030105
1 0.000030109
1 0.000030113
1 0.000030115
1 0.000030120
1 0.000030143
1 0.000030149
1 0.000030161
1 0.000030164
1 0.000030165
1 0.000030169
1 0.000030175
1 0.000030189
1 0.000030194
1 0.000030209
1 0.000030210
1 0.000030211
1 0.000030222
1 0.000030230
1 0.000030239
1 0.000030244
1 0.000030255
1 0.000030260
1 0.000030272
1 0.000030279
1 0.000030280
1 0.000030290
1 0.000030294
1 0.000030300
1 0.000030319
1 0.000030324
1 0.000030325
1 0.000030329
1 0.000030335
1 0.000030350
1 0.000030355
1 0.000030375
1 0.000030389
1 0.000030405
1 0.000030410
1 0.000030413
1 0.000030415
1 0.000030430
1 0.000030435
1 0.000030436
1 0.000030445
1 0.000030446
1 0.000030460
1 0.000030496
1 0.000030500
1 0.000030515
1 0.000030525
1 0.000030535
1 0.000030541
1 0.000030545
1 0.000030555
1 0.000030560
1 0.000030563
1 0.000030565
1 0.000030570
1 0.000030575
1 0.000030595
1 0.000030601
1 0.000030606
1 0.000030616
1 0.000030620
1 0.000030625
1 0.000030630
1 0.000030636
1 0.000030656
1 0.000030661
1 0.000030670
1 0.000030680
1 0.000030681
1 0.000030691
1 0.000030705
1 0.000030706
1 0.000030721
1 0.000030735
1 0.000030750
1 0.000030756
1 0.000030765
1 0.000030774
1 0.000030776
1 0.000030778
1 0.000030781
1 0.000030790
1 0.000030795
1 0.000030796
1 0.000030808
1 0.000030811
1 0.000030821
1 0.000030822
1 0.000030826
1 0.000030837
1 0.000030861
1 0.000030866
1 0.000030867
1 0.000030871
1 0.000030881
1 0.000030887
1 0.000030902
1 0.000030906
1 0.000030907
1 0.000030923
1 0.000030926
1 0.000030931
1 0.000030932
1 0.000030941
1 0.000030942
1 0.000030943
1 0.000030951
1 0.000030952
1 0.000030957
1 0.000030961
1 0.000030971
1 0.000030977
1 0.000030981
1 0.000030987
1 0.000030996
1 0.000031006
1 0.000031021
1 0.000031033
1 0.000031036
1 0.000031037
1 0.000031046
1 0.000031054
1 0.000031056
1 0.000031058
1 0.000031066
1 0.000031077
1 0.000031082
1 0.000031091
1 0.000031111
1 0.000031112
1 0.000031126
1 0.000031127
1 0.000031136
1 0.000031137
1 0.000031141
1 0.000031147
1 0.000031152
1 0.000031156
1 0.000031157
1 0.000031162
1 0.000031182
1 0.000031187
1 0.000031197
1 0.000031217
1 0.000031222
1 0.000031226
1 0.000031232
1 0.000031237
1 0.000031242
1 0.000031257
1 0.000031267
1 0.000031276
1 0.000031282
1 0.000031286
1 0.000031332
1 0.000031342
1 0.000031356
1 0.000031375
1 0.000031407
1 0.000031413
1 0.000031428
1 0.000031437
1 0.000031438
1 0.000031453
1 0.000031455
1 0.000031460
1 0.000031462
1 0.000031466
1 0.000031468
1 0.000031473
1 0.000031483
1 0.000031496
1 0.000031517
1 0.000031518
1 0.000031527
1 0.000031549
1 0.000031563
1 0.000031565
1 0.000031571
1 0.000031595
1 0.000031597
1 0.000031618
1 0.000031628
1 0.000031632
1 0.000031637
1 0.000031638
1 0.000031653
1 0.000031658
1 0.000031662
1 0.000031678
1 0.000031688
1 0.000031698
1 0.000031708
1 0.000031721
1 0.000031738
1 0.000031748
1 0.000031749
1 0.000031753
1 0.000031759
1 0.000031763
1 0.000031764
1 0.000031767
1 0.000031773
1 0.000031798
1 0.000031804
1 0.000031806
1 0.000031813
1 0.000031833
1 0.000031853
1 0.000031859
1 0.000031897
1 0.000031904
1 0.000031934
1 0.000031949
1 0.000031954
1 0.000031993
1 0.000032003
1 0.000032011
1 0.000032015
1 0.000032034
1 0.000032043
1 0.000032044
1 0.000032046
1 0.000032051
1 0.000032079
1 0.000032081
1 0.000032119
1 0.000032139
1 0.000032159
1 0.000032162
1 0.000032174
1 0.000032184
1 0.000032192
1 0.000032199
1 0.000032209
1 0.000032224
1 0.000032229
1 0.000032251
1 0.000032270
1 0.000032271
1 0.000032279
1 0.000032284
1 0.000032308
1 0.000032310
1 0.000032314
1 0.000032328
1 0.000032329
1 0.000032332
1 0.000032344
1 0.000032345
1 0.000032353
1 0.000032359
1 0.000032362
1 0.000032364
1 0.000032370
1 0.000032380
1 0.000032386
1 0.000032389
1 0.000032399
1 0.000032415
1 0.000032420
1 0.000032444
1 0.000032445
1 0.000032450
1 0.000032485
1 0.000032497
1 0.000032498
1 0.000032505
1 0.000032506
1 0.000032515
1 0.000032547
1 0.000032549
1 0.000032557
1 0.000032559
1 0.000032560
1 0.000032575
1 0.000032584
1 0.000032585
1 0.000032605
1 0.000032627
1 0.000032635
1 0.000032665
1 0.000032695
1 0.000032698
1 0.000032710
1 0.000032720
1 0.000032725
1 0.000032729
1 0.000032755
1 0.000032760
1 0.000032768
1 0.000032831
1 0.000032851
1 0.000032857
1 0.000032901
1 0.000032909
1 0.000032919
1 0.000032941
1 0.000032996
1 0.000033033
1 0.000033041
1 0.000033044
1 0.000033045
1 0.000033072
1 0.000033086
1 0.000033088
1 0.000033096
1 0.000033112
1 0.000033117
1 0.000033120
1 0.000033137
1 0.000033148
1 0.000033181
1 0.000033192
1 0.000033211
1 0.000033215
1 0.000033257
1 0.000033272
1 0.000033277
1 0.000033294
1 0.000033297
1 0.000033302
1 0.000033334
1 0.000033347
1 0.000033352
1 0.000033366
1 0.000033369
1 0.000033377
1 0.000033388
1 0.000033397
1 0.000033420
1 0.000033447
1 0.000033481
1 0.000033521
1 0.000033537
1 0.000033557
1 0.000033588
1 0.000033592
1 0.000033593
1 0.000033598
1 0.000033617
1 0.000033633
1 0.000033661
1 0.000033662
1 0.000033671
1 0.000033672
1 0.000033698
1 0.000033700
1 0.000033726
1 0.000033773
1 0.000033795
1 0.000033805
1 0.000033818
1 0.000033878
1 0.000033888
1 0.000033898
1 0.000033913
1 0.000033918
1 0.000033932
1 0.000033983
1 0.000033990
1 0.000033998
1 0.000034001
1 0.000034033
1 0.000034042
1 0.000034191
1 0.000034198
1 0.000034224
1 0.000034243
1 0.000034244
1 0.000034254
1 0.000034256
1 0.000034288
1 0.000034291
1 0.000034324
1 0.000034384
1 0.000034389
1 0.000034395
1 0.000034474
1 0.000034484
1 0.000034506
1 0.000034554
1 0.000034614
1 0.000034687
1 0.000034693
1 0.000034695
1 0.000034746
1 0.000034760
1 0.000034788
1 0.000034795
1 0.000034810
1 0.000034845
1 0.000034846
1 0.000034925
1 0.000034974
1 0.000034978
1 0.000034992
1 0.000035006
1 0.000035044
1 0.000035093
1 0.000035106
1 0.000035117
1 0.000035171
1 0.000035175
1 0.000035181
1 0.000035198
1 0.000035216
1 0.000035226
1 0.000035266
1 0.000035293
1 0.000035296
1 0.000035299
1 0.000035306
1 0.000035329
1 0.000035342
1 0.000035388
1 0.000035390
1 0.000035429
1 0.000035445
1 0.000035450
1 0.000035465
1 0.000035476
1 0.000035522
1 0.000035534
1 0.000035535
1 0.000035536
1 0.000035538
1 0.000035559
1 0.000035577
1 0.000035662
1 0.000035700
1 0.000035743
1 0.000035748
1 0.000035763
1 0.000035767
1 0.000035891
1 0.000035986
1 0.000035990
1 0.000035993
1 0.000036042
1 0.000036088
1 0.000036143
1 0.000036261
1 0.000036263
1 0.000036311
1 0.000036343
1 0.000036351
1 0.000036363
1 0.000036381
1 0.000036437
1 0.000036490
1 0.000036504
1 0.000036521
1 0.000036554
1 0.000036557
1 0.000036582
1 0.000036583
1 0.000036584
1 0.000036613
1 0.000036697
1 0.000036781
1 0.000036790
1 0.000036794
1 0.000036799
1 0.000036811
1 0.000036829
1 0.000036855
1 0.000036864
1 0.000036870
1 0.000036895
1 0.000036925
1 0.000036957
1 0.000037005
1 0.000037060
1 0.000037103
1 0.000037111
1 0.000037163
1 0.000037191
1 0.000037233
1 0.000037252
1 0.000037257
1 0.000037290
1 0.000037300
1 0.000037321
1 0.000037446
1 0.000037457
1 0.000037489
1 0.000037495
1 0.000037501
1 0.000037544
1 0.000037556
1 0.000037602
1 0.000037696
1 0.000037701
1 0.000037863
1 0.000037957
1 0.000037968
1 0.000037981
1 0.000037992
1 0.000038005
1 0.000038066
1 0.000038096
1 0.000038123
1 0.000038151
1 0.000038201
1 0.000038225
1 0.000038321
1 0.000038362
1 0.000038406
1 0.000038442
1 0.000038523
1 0.000038528
1 0.000038541
1 0.000038609
1 0.000038669
1 0.000038760
1 0.000038839
1 0.000038890
1 0.000038933
1 0.000038953
1 0.000038996
1 0.000039099
1 0.000039100
1 0.000039106
1 0.000039118
1 0.000039144
1 0.000039181
1 0.000039194
1 0.000039224
1 0.000039242
1 0.000039300
1 0.000039357
1 0.000039424
1 0.000039485
1 0.000039517
1 0.000039616
1 0.000039717
1 0.000039758
1 0.000039837
1 0.000039858
1 0.000039872
1 0.000039915
1 0.000039923
1 0.000039972
1 0.000040009
1 0.000040041
1 0.000040059
1 0.000040148
1 0.000040181
1 0.000040182
1 0.000040232
1 0.000040262
1 0.000040306
1 0.000040310
1 0.000040359
1 0.000040368
1 0.000040435
1 0.000040502
1 0.000040569
1 0.000040617
1 0.000040778
1 0.000040794
1 0.000040799
1 0.000040915
1 0.000040978
1 0.000041095
1 0.000041224
1 0.000041250
1 0.000041299
1 0.000041319
1 0.000041354
1 0.000041366
1 0.000041393
1 0.000041436
1 0.000041506
1 0.000041576
1 0.000041620
1 0.000041659
1 0.000041684
1 0.000041736
1 0.000041812
1 0.000041836
1 0.000041904
1 0.000041910
1 0.000041974
1 0.000042032
1 0.000042062
1 0.000042093
1 0.000042111
1 0.000042137
1 0.000042189
1 0.000042254
1 0.000042347
1 0.000042512
1 0.000042514
1 0.000042535
1 0.000042548
1 0.000042552
1 0.000042635
1 0.000042663
1 0.000042713
1 0.000042723
1 0.000042805
1 0.000042843
1 0.000042890
1 0.000042899
1 0.000042903
1 0.000043046
1 0.000043233
1 0.000043239
1 0.000043251
1 0.000043306
1 0.000043377
1 0.000043425
1 0.000043511
1 0.000043546
1 0.000043572
1 0.000043710
1 0.000043774
1 0.000043791
1 0.000043852
1 0.000043857
1 0.000043892
1 0.000043901
1 0.000043914
1 0.000043939
1 0.000043952
1 0.000044082
1 0.000044111
1 0.000044121
1 0.000044150
1 0.000044156
1 0.000044158
1 0.000044193
1 0.000044386
1 0.000044462
1 0.000044507
1 0.000044539
1 0.000044560
1 0.000044612
1 0.000044736
1 0.000044751
1 0.000044811
1 0.000044813
1 0.000044835
1 0.000044892
1 0.000044904
1 0.000044907
1 0.000044912
1 0.000044927
1 0.000045005
1 0.000045042
1 0.000045062
1 0.000045071
1 0.000045081
1 0.000045132
1 0.000045137
1 0.000045163
1 0.000045200
1 0.000045307
1 0.000045452
1 0.000045597
1 0.000045876
1 0.000045905
1 0.000046049
1 0.000046076
1 0.000046171
1 0.000046269
1 0.000046280
1 0.000046296
1 0.000046415
1 0.000046435
1 0.000046463
1 0.000046464
1 0.000046497
1 0.000046718
1 0.000046742
1 0.000046793
1 0.000046960
1 0.000046966
1 0.000046967
1 0.000047031
1 0.000047040
1 0.000047074
1 0.000047083
1 0.000047123
1 0.000047413
1 0.000047515
1 0.000047637
1 0.000047682
1 0.000047817
1 0.000048006
1 0.000048119
1 0.000048187
1 0.000048231
1 0.000048290
1 0.000048291
1 0.000048332
1 0.000048351
1 0.000048426
1 0.000048503
1 0.000048539
1 0.000048571
1 0.000048651
1 0.000048685
1 0.000048708
1 0.000048716
1 0.000048808
1 0.000048810
1 0.000048838
1 0.000048845
1 0.000048881
1 0.000049017
1 0.000049100
1 0.000049130
1 0.000049157
1 0.000049170
1 0.000049172
1 0.000049189
1 0.000049225
1 0.000049262
1 0.000049410
1 0.000049440
1 0.000049479
1 0.000049516
1 0.000049550
1 0.000049580
1 0.000049589
1 0.000049695
1 0.000049754
1 0.000049755
1 0.000049880
1 0.000049883
1 0.000049929
1 0.000049941
1 0.000049969
1 0.000050051
1 0.000050072
1 0.000050132
1 0.000050140
1 0.000050186
1 0.000050221
1 0.000050298
1 0.000050386
1 0.000050400
1 0.000050565
1 0.000050587
1 0.000050684
1 0.000050688
1 0.000050737
1 0.000050797
1 0.000050928
1 0.000050980
1 0.000051053
1 0.000051098
1 0.000051111
1 0.000051134
1 0.000051152
1 0.000051321
1 0.000051342
1 0.000051428
1 0.000051455
1 0.000051478
1 0.000051482
1 0.000051496
1 0.000051502
1 0.000051513
1 0.000051535
1 0.000051541
1 0.000051551
1 0.000051574
1 0.000051721
1 0.000051795
1 0.000051820
1 0.000052054
1 0.000052086
1 0.000052196
1 0.000052200
1 0.000052237
1 0.000052368
1 0.000052521
1 0.000052531
1 0.000052756
1 0.000052802
1 0.000052938
1 0.000052982
1 0.000052985
1 0.000053053
1 0.000053092
1 0.000053099
1 0.000053186
1 0.000053191
1 0.000053208
1 0.000053289
1 0.000053303
1 0.000053319
1 0.000053369
1 0.000053417
1 0.000053420
1 0.000053459
1 0.000053544
1 0.000053638
1 0.000053648
1 0.000053695
1 0.000053708
1 0.000053777
1 0.000053854
1 0.000053924
1 0.000053974
1 0.000053994
1 0.000054140
1 0.000054144
1 0.000054203
1 0.000054310
1 0.000054334
1 0.000054418
1 0.000054432
1 0.000054506
1 0.000054530
1 0.000054661
1 0.000054746
1 0.000054766
1 0.000054979
1 0.000055016
1 0.000055112
1 0.000055397
1 0.000055538
1 0.000055692
1 0.000055698
1 0.000055701
1 0.000055804
1 0.000055922
1 0.000055936
1 0.000056073
1 0.000056352
1 0.000056439
1 0.000056458
1 0.000056482
1 0.000056516
1 0.000056578
1 0.000056686
1 0.000056743
1 0.000056820
1 0.000056854
1 0.000056868
1 0.000056906
1 0.000056975
1 0.000057011
1 0.000057047
1 0.000057088
1 0.000057194
1 0.000057282
1 0.000057320
1 0.000057351
1 0.000057357
1 0.000057521
1 0.000057541
1 0.000057660
1 0.000057661
1 0.000057699
1 0.000057728
1 0.000057776
1 0.000057919
1 0.000057925
1 0.000057949
1 0.000058131
1 0.000058135
1 0.000058149
1 0.000058171
1 0.000058192
1 0.000058246
1 0.000058319
1 0.000058357
1 0.000058374
1 0.000058405
1 0.000058685
1 0.000058751
1 0.000058806
1 0.000058900
1 0.000058923
1 0.000059096
1 0.000059141
1 0.000059168
1 0.000059564
1 0.000059702
1 0.000059988
1 0.000060234
1 0.000060392
1 0.000060404
1 0.000060449
1 0.000060511
1 0.000060569
1 0.000060766
1 0.000060959
1 0.000061084
1 0.000061426
1 0.000061480
1 0.000061755
1 0.000061805
1 0.000061827
1 0.000061891
1 0.000061918
1 0.000061936
1 0.000061993
1 0.000062179
1 0.000062209
1 0.000062238
1 0.000062331
1 0.000062344
1 0.000062427
1 0.000062465
1 0.000062539
1 0.000062754
1 0.000062960
1 0.000063130
1 0.000063194
1 0.000063325
1 0.000063442
1 0.000063721
1 0.000063749
1 0.000064178
1 0.000064476
1 0.000064478
1 0.000064663
1 0.000064729
1 0.000064885
1 0.000065230
1 0.000065386
1 0.000065523
1 0.000065704
1 0.000065901
1 0.000066186
1 0.000066405
1 0.000066415
1 0.000066578
1 0.000066706
1 0.000066729
1 0.000066833
1 0.000067392
1 0.000067657
1 0.000067976
1 0.000068162
1 0.000068523
1 0.000068548
1 0.000068613
1 0.000069184
1 0.000069304
1 0.000069563
1 0.000069815
1 0.000069981
1 0.000069986
1 0.000070424
1 0.000070496
1 0.000070655
1 0.000071238
1 0.000071885
1 0.000072198
1 0.000072221
1 0.000072663
1 0.000072788
1 0.000072812
1 0.000072934
1 0.000073073
1 0.000073746
1 0.000073778
1 0.000073911
1 0.000074040
1 0.000075360
1 0.000075494
1 0.000075599
1 0.000075963
1 0.000075984
1 0.000076010
1 0.000076489
1 0.000077062
1 0.000077095
1 0.000077170
1 0.000078325
1 0.000078470
1 0.000078611
1 0.000079189
1 0.000079425
1 0.000079892
1 0.000080068
1 0.000080098
1 0.000080280
1 0.000081402
1 0.000081499
1 0.000081626
1 0.000081889
1 0.000082273
1 0.000082431
1 0.000082719
1 0.000083014
1 0.000083704
1 0.000084158
1 0.000085225
1 0.000085472
1 0.000086118
1 0.000086766
1 0.000087329
1 0.000088230
1 0.000088652
1 0.000089972
1 0.000091510
1 0.000092228
1 0.000092242
1 0.000093330
1 0.000094454
1 0.000094493
1 0.000094683
1 0.000095550
1 0.000095693
1 0.000095802
1 0.000096007
1 0.000096194
1 0.000097361
1 0.000098919
1 0.000099770
1 0.000100428
1 0.000100794
1 0.000101593
1 0.000101950
1 0.000103602
1 0.000103719
1 0.000104677
1 0.000105347
1 0.000107184
1 0.000108315
1 0.000109301
1 0.000111832
1 0.000114243
1 0.000115250
1 0.000116155
1 0.000116661
1 0.000116759
1 0.000117643
1 0.000119493
1 0.000119872
1 0.000123178
1 0.000124852
1 0.000126345
1 0.000128981
1 0.000131146
1 0.000132868
1 0.000135244
1 0.000138724
1 0.000141586
1 0.000143427
1 0.000143432
1 0.000143906
1 0.000144129
1 0.000146085
1 0.000148897
1 0.000149830
1 0.000153887
1 0.000155904
1 0.000157665
1 0.000160038
1 0.000167357
1 0.000174231
1 0.000174992
1 0.000178019
1 0.000185948
1 0.000187802
1 0.000193233
1 0.000194467
1 0.000198723
1 0.000200873
1 0.000217999
1 0.000225471
1 0.000235840
1 0.000242994
1 0.000243336
1 0.000254373
1 0.000258953
1 0.000261919
1 0.000274026
1 0.000280746
1 0.000287997
1 0.000292416
1 0.000292628
1 0.000301722
1 0.000301997
1 0.000312622
1 0.000322159
1 0.000330346
1 0.000332614
1 0.000347135
1 0.000347513
1 0.000347933
1 0.000347946
1 0.000347948
1 0.000348092
1 0.000352193
1 0.000352459
1 0.000356368
1 0.000356897
1 0.000360092
1 0.000363911
1 0.000364063
1 0.000365121
1 0.000369553
1 0.000371451
1 0.000373699
1 0.000374097
1 0.000380962
1 0.000381748
1 0.000383815
1 0.000389987
1 0.000393865
1 0.000397975
1 0.000398293
1 0.000398817
1 0.000400713
1 0.000401749
1 0.000402551
1 0.000405004
1 0.000405475
1 0.000407115
1 0.000407412
1 0.000408302
1 0.000414918
1 0.000416464
1 0.000421008
1 0.000422397
1 0.000422619
1 0.000426064
1 0.000428915
1 0.000430630
1 0.000431513
1 0.000439112
1 0.000439301
1 0.000442452
1 0.000443331
1 0.000444940
1 0.000445680
1 0.000446979
1 0.000447151
1 0.000448070
1 0.000448665
1 0.000448783
1 0.000449942
1 0.000450379
1 0.000451654
1 0.000456474
1 0.000457857
1 0.000461367
1 0.000461468
1 0.000462546
1 0.000469609
1 0.000473527
1 0.000477188
1 0.000480875
1 0.000482057
1 0.000484115
1 0.000485022
1 0.000486617
1 0.000488208
1 0.000488411
1 0.000491398
1 0.000493023
1 0.000498385
1 0.000501207
1 0.000501479
1 0.000503110
1 0.000503995
1 0.000505499
1 0.000507270
1 0.000508266
1 0.000511010
1 0.000512713
1 0.000513640
1 0.000516264
1 0.000518186
1 0.000519886
1 0.000521160
1 0.000523086
1 0.000523557
1 0.000535316
1 0.000539081
1 0.000539615
1 0.000540463
1 0.000543625
1 0.000549443
1 0.000552183
1 0.000557339
1 0.000560393
1 0.000564087
1 0.000566347
1 0.000568749
1 0.000569803
1 0.000571953
1 0.000574451
1 0.000574455
1 0.000574780
1 0.000575219
1 0.000580585
1 0.000581215
1 0.000587056
1 0.000589731
1 0.000593764
1 0.000595275
1 0.000595280
1 0.000596153
1 0.000596379
1 0.000599022
1 0.000603848
1 0.000606425
1 0.000609647
1 0.000611091
1 0.000611935
1 0.000618344
1 0.000618729
1 0.000622027
1 0.000622596
1 0.000624915
1 0.000625941
1 0.000625953
1 0.000630531
1 0.000631333
1 0.000633240
1 0.000636058
1 0.000636678
1 0.000637487
1 0.000641873
1 0.000643280
1 0.000646999
1 0.000651551
1 0.000656870
1 0.000658069
1 0.000663536
1 0.000666506
1 0.000667462
1 0.000670025
1 0.000673882
1 0.000675110
1 0.000676696
1 0.000677242
1 0.000681546
1 0.000683805
1 0.000685226
1 0.000686223
1 0.000686971
1 0.000690435
1 0.000690917
1 0.000696767
1 0.000702292
1 0.000704733
1 0.000705019
1 0.000706405
1 0.000710759
1 0.000711323
1 0.000712494
1 0.000713454
1 0.000715473
1 0.000716008
1 0.000717909
1 0.000717959
1 0.000718201
1 0.000718434
1 0.000719195
1 0.000720338
1 0.000725807
1 0.000728212
1 0.000731179
1 0.000731976
1 0.000733647
1 0.000734427
1 0.000735291
1 0.000735891
1 0.000737091
1 0.000743470
1 0.000746352
1 0.000746799
1 0.000747328
1 0.000750692
1 0.000753838
1 0.000763481
1 0.000765602
1 0.000765702
1 0.000765923
1 0.000766219
1 0.000768184
1 0.000768918
1 0.000772805
1 0.000779374
1 0.000779915
1 0.000782658
1 0.000789629
1 0.000793503
1 0.000798034
1 0.000799707
1 0.000804893
1 0.000805100
1 0.000806604
1 0.000808845
1 0.000810363
1 0.000810754
1 0.000813027
1 0.000814215
1 0.000815020
1 0.000816780
1 0.000817057
1 0.000817141
1 0.000825481
1 0.000829112
1 0.000832001
1 0.000832160
1 0.000837003
1 0.000838697
1 0.000840499
1 0.000847481
1 0.000848222
1 0.000848843
1 0.000854471
1 0.000856786
1 0.000863485
1 0.000864366
1 0.000866986
1 0.000876232
1 0.000877295
1 0.000883736
1 0.000887263
1 0.000889123
1 0.000893128
1 0.000893137
1 0.000893345
1 0.000894047
1 0.000898163
1 0.000902286
1 0.000908202
1 0.000910110
1 0.000911478
1 0.000912085
1 0.000913509
1 0.000917571
1 0.000918088
1 0.000922457
1 0.000924307
1 0.000925974
1 0.000927027
1 0.000929766
1 0.000930154
1 0.000930713
1 0.000933085
1 0.000946053
1 0.000951113
1 0.000956509
1 0.000956583
1 0.000960333
1 0.000961568
1 0.000967708
1 0.000979655
1 0.000985909
1 0.000987088
1 0.000993377
1 0.000993647
1 0.001000168
1 0.001000562
1 0.001005029
1 0.001006965
1 0.001023139
1 0.001025423
1 0.001032686
1 0.001035709
1 0.001046381
1 0.001060852
1 0.001068311
1 0.001068599
1 0.001071266
1 0.001076437
1 0.001081806
1 0.001085929
1 0.001086038
1 0.001086356
1 0.001089231
1 0.001096995
1 0.001104418
1 0.001111103
1 0.001119028
1 0.001145358
1 0.001168379
1 0.001177377
1 0.001178180
1 0.001180805
1 0.001181601
1 0.001187408
1 0.001189653
1 0.001201688
1 0.001204155
1 0.001213404
1 0.001237562
1 0.001242440
1 0.001245767
1 0.001254082
1 0.001259454
1 0.001271572
1 0.001280457
1 0.001280914
1 0.001299883
1 0.001307407
1 0.001317835
1 0.001324027
1 0.001328160
1 0.001333049
1 0.001333396
1 0.001344638
1 0.001349281
1 0.001372525
1 0.001372840
1 0.001379975
1 0.001396715
1 0.001411537
1 0.001415846
1 0.001422247
1 0.001436581
1 0.001497770
1 0.001499784
1 0.001508400
1 0.001518093
1 0.001518604
1 0.001522375
1 0.001522914
1 0.001545711
1 0.001546043
1 0.001548502
1 0.001549799
1 0.001554230
1 0.001559154
1 0.001559707
1 0.001596659
1 0.001608208
1 0.001672466
1 0.001673062
1 0.001674241
1 0.001696556
1 0.001697774
1 0.001703240
1 0.001710980
1 0.001726362
1 0.001731506
1 0.001774689
1 0.001784894
1 0.001798551
1 0.001804676
1 0.001824837
1 0.001846703
1 0.001860745
1 0.001936534
1 0.001938244
1 0.001980079
1 0.001985931
1 0.001999354
1 0.002020042
1 0.002023637
1 0.002047627
1 0.002050991
1 0.002050994
1 0.002078571
1 0.002083227
1 0.002096697
1 0.002104517
1 0.002127711
1 0.002152822
1 0.002167264
1 0.002184253
1 0.002221012
1 0.002243715
1 0.002250610
1 0.002255940
1 0.002263797
1 0.002266250
1 0.002266561
1 0.002288585
1 0.002303805
1 0.002304824
1 0.002365178
1 0.002370252
1 0.002420844
1 0.002451875
1 0.002475231
1 0.002521425
1 0.002556541
1 0.002614185
1 0.002653044
1 0.002702572
1 0.002728423
1 0.002849410
1 0.002869046
1 0.002869574
1 0.002871228
1 0.002939463
1 0.003013012
1 0.003046320
1 0.003108339
1 0.003113899
1 0.003140004
1 0.003142257
1 0.003204331
1 0.003240454
1 0.003408719
1 0.003455454
1 0.003491227
1 0.003705700
1 0.003710637
1 0.003827018
1 0.003869848
1 0.003887314
1 0.004222192
1 0.004306073
1 0.004430109
1 0.004494481
1 0.004685653
1 0.004831992
1 0.005330494
1 0.005798914
1 0.005930356
1 0.006356009
1 0.007729942
1 0.010486846
1 0.010808895
1 0.010961149
1 0.011335994
1 0.012417291
1 0.025257377
1 0.031873412
1 0.032931993
1 0.038118374
1 0.045218893
1 0.066044248
1 0.075128401
1 0.105444645
1 0.143125449
1 0.148740509
1 0.171779703
1 0.179614383
1 0.191933946
1 0.208322071
1 0.226010350
1 0.232309448
1 0.234600546
1 0.238748089
1 0.239124167
1 0.240587611
1 0.240889276
1 0.241184830
1 0.241838284
1 0.241896448
1 0.241897080
1 0.242159974
1 0.242192098
1 0.242299014
1 0.242323103
1 0.242373027
1 0.242517311
1 0.242773504
1 0.242887552
1 0.242929372
1 0.242940734
1 0.243223956
1 0.243239628
1 0.243304264
1 0.243315907
1 0.243337518
1 0.243439801
1 0.243493665
1 0.243506809
1 0.243550937
1 0.243577404
1 0.243673014
1 0.243673964
1 0.243682355
1 0.243711175
1 0.243716568
1 0.243816687
1 0.243921781
1 0.243979768
1 0.243985146
1 0.243998398
1 0.244026883
1 0.244199752
1 0.244263194
1 0.244281263
1 0.244300140
1 0.244327497
1 0.244330610
1 0.244349716
1 0.244365223
1 0.244374929
1 0.244420777
1 0.244558290
1 0.244579895
1 0.244589619
1 0.244737674
1 0.244829884
1 0.244837929
1 0.244859033
1 0.244960893
1 0.244994983
1 0.244998231
1 0.245015820
1 0.245023876
1 0.245072545
1 0.245132028
1 0.245226827
1 0.245278566
1 0.245329491
1 0.245332109
1 0.245356729
1 0.245403208
1 0.245492177
1 0.245515548
1 0.245539865
1 0.245617035
1 0.245640547
1 0.245725371
1 0.245769211
1 0.245773861
1 0.245785945
1 0.245839644
1 0.245841105
1 0.245847746
1 0.245849106
1 0.245916098
1 0.245925996
1 0.245963773
1 0.246020411
1 0.246051456
1 0.246068795
1 0.246111332
1 0.246119103
1 0.246127690
1 0.246134867
1 0.246205456
1 0.246260237
1 0.246275809
1 0.246302486
1 0.246311238
1 0.246312557
1 0.246341132
1 0.246367123
1 0.246368163
1 0.246398083
1 0.246443729
1 0.246447285
1 0.246470955
1 0.246473715
1 0.246493994
1 0.246510504
1 0.246535085
1 0.246580296
1 0.246581990
1 0.246585198
1 0.246586347
1 0.246657463
1 0.246661011
1 0.246671782
1 0.246706674
1 0.246795224
1 0.246797369
1 0.246818186
1 0.246888793
1 0.246905279
1 0.246913685
1 0.246924042
1 0.246933382
1 0.246958055
1 0.246981831
1 0.247014754
1 0.247031032
1 0.247035328
1 0.247055979
1 0.247109915
1 0.247128104
1 0.247143975
1 0.247157007
1 0.247168878
1 0.247170392
1 0.247207770
1 0.247209699
1 0.247215990
1 0.247249252
1 0.247258478
1 0.247268007
1 0.247322305
1 0.247325003
1 0.247386561
1 0.247398835
1 0.247400840
1 0.247401218
1 0.247409386
1 0.247419999
1 0.247429225
1 0.247439870
1 0.247451606
1 0.247485009
1 0.247492412
1 0.247494903
1 0.247500989
1 0.247517158
1 0.247547719
1 0.247571187
1 0.247587344
1 0.247589324
1 0.247601792
1 0.247629390
1 0.247638105
1 0.247663069
1 0.247663588
1 0.247689123
1 0.247716486
1 0.247719093
1 0.247726377
1 0.247768412
1 0.247772439
1 0.247772651
1 0.247774941
1 0.247787302
1 0.247793200
1 0.247796379
1 0.247805033
1 0.247837780
1 0.247842054
1 0.247866973
1 0.247883774
1 0.247912162
1 0.247961379
1 0.247971473
1 0.247972850
1 0.247984169
1 0.247990731
1 0.248000946
1 0.248011110
1 0.248011775
1 0.248030029
1 0.248045984
1 0.248050501
1 0.248053253
1 0.248055020
1 0.248063492
1 0.248067508
1 0.248071849
1 0.248089769
1 0.248093079
1 0.248107358
1 0.248109568
1 0.248111923
1 0.248119112
1 0.248143149
1 0.248148335
1 0.248187598
1 0.248189978
1 0.248200614
1 0.248202358
1 0.248214862
1 0.248266141
1 0.248296275
1 0.248301051
1 0.248309400
1 0.248310696
1 0.248338368
1 0.248346641
1 0.248367697
1 0.248387399
1 0.248394696
1 0.248412916
1 0.248413878
1 0.248417172
1 0.248424755
1 0.248429925
1 0.248434981
1 0.248437545
1 0.248438116
1 0.248456059
1 0.248503055
1 0.248503635
1 0.248514633
1 0.248517808
1 0.248539706
1 0.248540380
1 0.248545707
1 0.248549565
1 0.248568601
1 0.248571784
1 0.248573871
1 0.248574393
1 0.248585130
1 0.248585580
1 0.248607879
1 0.248616190
1 0.248632550
1 0.248639901
1 0.248640351
1 0.248647033
1 0.248648510
1 0.248673416
1 0.248700861
1 0.248708746
1 0.248718979
1 0.248728499
1 0.248744956
1 0.248745295
1 0.248755313
1 0.248757567
1 0.248777226
1 0.248794893
1 0.248834789
1 0.248839855
1 0.248843395
1 0.248847884
1 0.248856636
1 0.248860849
1 0.248864700
1 0.248871698
1 0.248883912
1 0.248890800
1 0.248903812
1 0.248919136
1 0.248958152
1 0.248960782
1 0.248963503
1 0.248973698
1 0.248986875
1 0.248987469
1 0.248988234
1 0.248990227
1 0.248990237
1 0.248999981
1 0.249001997
1 0.249023028
1 0.249023205
1 0.249032883
1 0.249054233
1 0.249055866
1 0.249057273
1 0.249068154
1 0.249074264
1 0.249078594
1 0.249098291
1 0.249125297
1 0.249125728
1 0.249130482
1 0.249131409
1 0.249139590
1 0.249160236
1 0.249166056
1 0.249174947
1 0.249184931
1 0.249195132
1 0.249201026
1 0.249202147
1 0.249207177
1 0.249213232
1 0.249216422
1 0.249223910
1 0.249231581
1 0.249260985
1 0.249272056
1 0.249277269
1 0.249297874
1 0.249345121
1 0.249355157
1 0.249365570
1 0.249367465
1 0.249408636
1 0.249430699
1 0.249463043
1 0.249464809
1 0.249477726
1 0.249503582
1 0.249504653
1 0.249512038
1 0.249515204
1 0.249545918
1 0.249565664
1 0.249574218
1 0.249581329
1 0.249590246
1 0.249601239
1 0.249609642
1 0.249611180
1 0.249616757
1 0.249634159
1 0.249649939
1 0.249653663
1 0.249661583
1 0.249686054
1 0.249695284
1 0.249695609
1 0.249711016
1 0.249729798
1 0.249733491
1 0.249762419
1 0.249764472
1 0.249766491
1 0.249775642
1 0.249787935
1 0.249809546
1 0.249815411
1 0.249819748
1 0.249826832
1 0.249864542
1 0.249868520
1 0.249886159
1 0.249896680
1 0.249898056
1 0.249901531
1 0.249944531
1 0.249964789
1 0.249974208
1 0.249990579
1 0.250000175
1 0.250002768
1 0.250017895
1 0.250020608
1 0.250035733
1 0.250046989
1 0.250049970
1 0.250054818
1 0.250068725
1 0.250072427
1 0.250085461
1 0.250099585
1 0.250100830
1 0.250132228
1 0.250144097
1 0.250155252
1 0.250158059
1 0.250173967
1 0.250178600
1 0.250181291
1 0.250181467
1 0.250186505
1 0.250188412
1 0.250204670
1 0.250239136
1 0.250240719
1 0.250263230
1 0.250284077
1 0.250287277
1 0.250292786
1 0.250298008
1 0.250299030
1 0.250301867
1 0.250303315
1 0.250314889
1 0.250317903
1 0.250324279
1 0.250364235
1 0.250386808
1 0.250448998
1 0.250462267
1 0.250471519
1 0.250471948
1 0.250509836
1 0.250538852
1 0.250582362
1 0.250592875
1 0.250602891
1 0.250616628
1 0.250623776
1 0.250639970
1 0.250664279
1 0.250703486
1 0.250706875
1 0.250712762
1 0.250723080
1 0.250744759
1 0.250744920
1 0.250757383
1 0.250770151
1 0.250771410
1 0.250797435
1 0.250820277
1 0.250821241
1 0.250821696
1 0.250823039
1 0.250827010
1 0.250833792
1 0.250842397
1 0.250855819
1 0.250913933
1 0.250936118
1 0.250940625
1 0.250988100
1 0.250994260
1 0.251048922
1 0.251086338
1 0.251116271
1 0.251119329
1 0.251124754
1 0.251143273
1 0.251161487
1 0.251172469
1 0.251184681
1 0.251209067
1 0.251215289
1 0.251237775
1 0.251253811
1 0.251259121
1 0.251263654
1 0.251265959
1 0.251269193
1 0.251302960
1 0.251310066
1 0.251342373
1 0.251343691
1 0.251344474
1 0.251363654
1 0.251388023
1 0.251414113
1 0.251441225
1 0.251453365
1 0.251468796
1 0.251484165
1 0.251504799
1 0.251505106
1 0.251505547
1 0.251521321
1 0.251592416
1 0.251618698
1 0.251625189
1 0.251651266
1 0.251652504
1 0.251652892
1 0.251655422
1 0.251728936
1 0.251855471
1 0.251868668
1 0.251926531
1 0.251945005
1 0.251952064
1 0.251958693
1 0.251965442
1 0.252063946
1 0.252097466
1 0.252103097
1 0.252104653
1 0.252115991
1 0.252118580
1 0.252135402
1 0.252143982
1 0.252144862
1 0.252164665
1 0.252203467
1 0.252207230
1 0.252209482
1 0.252212955
1 0.252227723
1 0.252280289
1 0.252286804
1 0.252288974
1 0.252330585
1 0.252333448
1 0.252501626
1 0.252504229
1 0.252504495
1 0.252505078
1 0.252522978
1 0.252573242
1 0.252598547
1 0.252663243
1 0.252663802
1 0.252673052
1 0.252709611
1 0.252733101
1 0.252737831
1 0.252757559
1 0.252789711
1 0.252813422
1 0.252869693
1 0.252989466
1 0.253026788
1 0.253049155
1 0.253094799
1 0.253106071
1 0.253132467
1 0.253142897
1 0.253203048
1 0.253315620
1 0.253362085
1 0.253402559
1 0.253405465
1 0.253544819
1 0.253633553
1 0.253693876
1 0.253872372
1 0.253969221
1 0.253973974
1 0.254021290
1 0.254045241
1 0.254142893
1 0.254165288
1 0.254233081
1 0.254560892
1 0.254654768
1 0.254747494
1 0.254905072
1 0.254913922
1 0.255021232
1 0.255035519
1 0.255236062
1 0.255259599
1 0.255516366
1 0.255895425
1 0.256077854
1 0.256291497
1 0.257369928
1 0.257390856
1 0.258011061
1 0.260235913
1 0.260516242
2 0.000007166
2 0.000007190
2 0.000007267
2 0.000007285
2 0.000007299
2 0.000007342
2 0.000007357
2 0.000007363
2 0.000007365
2 0.000007370
2 0.000007381
2 0.000007386
2 0.000007405
2 0.000007416
2 0.000007419
2 0.000007483
2 0.000007484
2 0.000007487
2 0.000007515
2 0.000007518
2 0.000007538
2 0.000007550
2 0.000007563
2 0.000007620
2 0.000007637
2 0.000007673
2 0.000007715
2 0.000007730
2 0.000007733
2 0.000007738
2 0.000007758
2 0.000007766
2 0.000007840
2 0.000007848
2 0.000007870
2 0.000007881
2 0.000007883
2 0.000007928
2 0.000007938
2 0.000007964
2 0.000007981
2 0.000008005
2 0.000008020
2 0.000008042
2 0.000008114
2 0.000008166
2 0.000008196
2 0.000008366
2 0.000008391
2 0.000008580
2 0.000008654
2 0.000008656
2 0.000008707
2 0.000008728
2 0.000008739
2 0.000008862
2 0.000009204
2 0.000009694
2 0.000009721
2 0.000009722
2 0.000009857
2 0.000010006
2 0.000010315
2 0.000010579
2 0.000010587
2 0.000010633
2 0.000010670
2 0.000010725
2 0.000010810
2 0.000010847
2 0.000010848
2 0.000010957
2 0.000010975
2 0.000011022
2 0.000011033
2 0.000011037
2 0.000011131
2 0.000011238
2 0.000011278
2 0.000011356
2 0.000011406
2 0.000011454
2 0.000011481
2 0.000011482
2 0.000011534
2 0.000011541
2 0.000011593
2 0.000011623
2 0.000011714
2 0.000011722
2 0.000011829
2 0.000011862
2 0.000011882
2 0.000011946
2 0.000011955
2 0.000011956
2 0.000011968
2 0.000011979
2 0.000012019
2 0.000012021
2 0.000012026
2 0.000012033
2 0.000012087
2 0.000012112
2 0.000012196
2 0.000012198
2 0.000012202
2 0.000012213
2 0.000012218
2 0.000012244
2 0.000012247
2 0.000012248
2 0.000012258
2 0.000012266
2 0.000012267
2 0.000012279
2 0.000012281
2 0.000012288
2 0.000012314
2 0.000012351
2 0.000012354
2 0.000012357
2 0.000012360
2 0.000012375
2 0.000012394
2 0.000012403
2 0.000012410
2 0.000012422
2 0.000012440
2 0.000012472
2 0.000012476
2 0.000012487
2 0.000012505
2 0.000012513
2 0.000012523
2 0.000012529
2 0.000012539
2 0.000012571
2 0.000012577
2 0.000012621
2 0.000012629
2 0.000012659
2 0.000012671
2 0.000012673
2 0.000012699
2 0.000012718
2 0.000012791
2 0.000012795
2 0.000012900
2 0.000012907
2 0.000013000
2 0.000013018
2 0.000013022
2 0.000013086
2 0.000013110
2 0.000013146
2 0.000013148
2 0.000013187
2 0.000013210
2 0.000013391
2 0.000013599
2 0.000013618
2 0.000013629
2 0.000013631
2 0.000013884
2 0.000013886
2 0.000014141
2 0.000014170
2 0.000014196
2 0.000014243
2 0.000014333
2 0.000014408
2 0.000014455
2 0.000014501
2 0.000014506
2 0.000014522
2 0.000014612
2 0.000014668
2 0.000014698
2 0.000014724
2 0.000014736
2 0.000014764
2 0.000014869
2 0.000014985
2 0.000014987
2 0.000015030
2 0.000015095
2 0.000015137
2 0.000015150
2 0.000015253
2 0.000015289
2 0.000015317
2 0.000015360
2 0.000015415
2 0.000015423
2 0.000015447
2 0.000015562
2 0.000015568
2 0.000015623
2 0.000015684
2 0.000015775
2 0.000015799
2 0.000015804
2 0.000015980
2 0.000015997
2 0.000016002
2 0.000016024
2 0.000016051
2 0.000016064
2 0.000016072
2 0.000016099
2 0.000016154
2 0.000016182
2 0.000016195
2 0.000016202
2 0.000016222
2 0.000016358
2 0.000016452
2 0.000016481
2 0.000016503
2 0.000016584
2 0.000016590
2 0.000016591
2 0.000016638
2 0.000016701
2 0.000016826
2 0.000016871
2 0.000016913
2 0.000016999
2 0.000017082
2 0.000017099
2 0.000017188
2 0.000017199
2 0.000017208
2 0.000017343
2 0.000017446
2 0.000017448
2 0.000017460
2 0.000017480
2 0.000017560
2 0.000017584
2 0.000017614
2 0.000017615
2 0.000017686
2 0.000017816
2 0.000017821
2 0.000017853
2 0.000018007
2 0.000018073
2 0.000018084
2 0.000018099
2 0.000018308
2 0.000018337
2 0.000018363
2 0.000018368
2 0.000018391
2 0.000018486
2 0.000018560
2 0.000018649
2 0.000018697
2 0.000018726
2 0.000018740
2 0.000018763
2 0.000018926
2 0.000019016
2 0.000019029
2 0.000019210
2 0.000019256
2 0.000019410
2 0.000019445
2 0.000019461
2 0.000019525
2 0.000019731
2 0.000019785
2 0.000019880
2 0.000019963
2 0.000020006
2 0.000020264
2 0.000020287
2 0.000020320
2 0.000020364
2 0.000020381
2 0.000020387
2 0.000020476
2 0.000020478
2 0.000020658
2 0.000020762
2 0.000020848
2 0.000020885
2 0.000020958
2 0.000020998
2 0.000021094
2 0.000021129
2 0.000021145
2 0.000021175
2 0.000021202
2 0.000021269
2 0.000021449
2 0.000021499
2 0.000021506
2 0.000021516
2 0.000021554
2 0.000021573
2 0.000021587
2 0.000021603
2 0.000021647
2 0.000021667
2 0.000021723
2 0.000021756
2 0.000021780
2 0.000021802
2 0.000021803
2 0.000021820
2 0.000021846
2 0.000021847
2 0.000021960
2 0.000022014
2 0.000022098
2 0.000022101
2 0.000022211
2 0.000022304
2 0.000022314
2 0.000022324
2 0.000022365
2 0.000022375
2 0.000022402
2 0.000022412
2 0.000022434
2 0.000022445
2 0.000022572
2 0.000022579
2 0.000022598
2 0.000022642
2 0.000022645
2 0.000022716
2 0.000022839
2 0.000022989
2 0.000023039
2 0.000023213
2 0.000023214
2 0.000023290
2 0.000023414
2 0.000023444
2 0.000023501
2 0.000023521
2 0.000023535
2 0.000023538
2 0.000023577
2 0.000023792
2 0.000023815
2 0.000023891
2 0.000024084
2 0.000024216
2 0.000024332
2 0.000024424
2 0.000024528
2 0.000024657
2 0.000024668
2 0.000024721
2 0.000024777
2 0.000024817
2 0.000024873
2 0.000024877
2 0.000025014
2 0.000025046
2 0.000025198
2 0.000025206
2 0.000025495
2 0.000025503
2 0.000025523
2 0.000025530
2 0.000025611
2 0.000026048
2 0.000026056
2 0.000026077
2 0.000026110
2 0.000026161
2 0.000026300
2 0.000026349
2 0.000026461
2 0.000026465
2 0.000026545
2 0.000026577
2 0.000026680
2 0.000026750
2 0.000026786
2 0.000026991
2 0.000027081
2 0.000027111
2 0.000027195
2 0.000027253
2 0.000027326
2 0.000027375
2 0.000027446
2 0.000027655
2 0.000027685
2 0.000027736
2 0.000027763
2 0.000027837
2 0.000027980
2 0.000028048
2 0.000028090
2 0.000028253
2 0.000028349
2 0.000028681
2 0.000028787
2 0.000028827
2 0.000028831
2 0.000028875
2 0.000028931
2 0.000028946
2 0.000029157
2 0.000029441
2 0.000029598
2 0.000029613
2 0.000029623
2 0.000029658
2 0.000029664
2 0.000029766
2 0.000029783
2 0.000029813
2 0.000029849
2 0.000029863
2 0.000029889
2 0.000029923
2 0.000030009
2 0.000030010
2 0.000030015
2 0.000030029
2 0.000030064
2 0.000030140
2 0.000030154
2 0.000030159
2 0.000030274
2 0.000030310
2 0.000030370
2 0.000030390
2 0.000030440
2 0.000030465
2 0.000030490
2 0.000030510
2 0.000030576
2 0.000030581
2 0.000030751
2 0.000030791
2 0.000030801
2 0.000030851
2 0.000030891
2 0.000030911
2 0.000030936
2 0.000030976
2 0.000031011
2 0.000031012
2 0.000031022
2 0.000031041
2 0.000031062
2 0.000031076
2 0.000031171
2 0.000031272
2 0.000031317
2 0.000031382
2 0.000031482
2 0.000031512
2 0.000031537
2 0.000031668
2 0.000031783
2 0.000031968
2 0.000032089
2 0.000032400
2 0.000032405
2 0.000032455
2 0.000032675
2 0.000032761
2 0.000033071
2 0.000033457
2 0.000034203
2 0.000034540
2 0.000035646
2 0.000037712
2 0.000037924
2 0.000038320
2 0.000038748
2 0.000039301
2 0.000039723
2 0.000045250
2 0.000051655
2 0.000051799
2 0.000051815
2 0.000053298
3 0.000007676
3 0.000007803
3 0.000008553
3 0.000010374
3 0.000010453
3 0.000011114
3 0.000011282
3 0.000011316
3 0.000011641
3 0.000011658
3 0.000011826
3 0.000011920
3 0.000012250
3 0.000012286
3 0.000012453
3 0.000012478
3 0.000012551
3 0.000012589
3 0.000013900
3 0.000014410
3 0.000014645
3 0.000014917
3 0.000016601
3 0.000018262
3 0.000018737
3 0.000018846
3 0.000020682
3 0.000021710
3 0.000021927
3 0.000022455
3 0.000022492
3 0.000022652
3 0.000023494
3 0.000023574
3 0.000024392
3 0.000025094
3 0.000026394
3 0.000027303
3 0.000027419
3 0.000027499
3 0.000028069
3 0.000029302
3 0.000029312
3 0.000029985
3 0.000030134
3 0.000030250
3 0.000030285
3 0.000030330
3 0.000030480
3 0.000030485
3 0.000030666
3 0.000030741
3 0.000030836
3 0.000031057
3 0.000031673
4 0.000012214
4 0.000017606
4 0.000018425
4 0.000022312
4 0.000029588
4 0.000030049
5 0.000030450
