Time
0.000000
0.353097
0.401213
0.056834
0.025264
0.632236
0.558420
0.374715
0.548288
0.641765
0.322260
0.614197
0.516840
0.941543
0.783238
0.127127
0.962670
0.034316
0.456457
0.373693
0.668152
0.424534
0.523693
0.499048
0.093814
0.171304
0.363902
0.254270
0.230646
0.196137
0.772421
0.683975
0.492037
0.022217
0.812228
0.583515
0.645172
0.729663
0.897605
0.514802
0.912789
0.417451
0.325282
0.236844
0.239230
0.394271
0.406606
0.625385
0.854757
0.566588
0.299333
0.770729
0.475537
0.044247
0.457459
0.710828
0.904020
0.082473
0.926906
0.442943
0.188507
0.931049
0.113539
0.911570
0.058026
0.122011
0.458335
0.748513
0.642210
0.012392
0.660347
0.403954
0.745657
0.398186
0.602070
0.521810
0.138874
0.528461
0.356713
0.074517
0.318289
0.265754
0.509718
0.088529
0.861678
0.488202
0.515540
0.439153
0.439616
0.251389
0.138837
0.945007
0.504640
0.131934
0.676989
0.714065
0.272630
0.885065
0.078149
0.837644
0.258221
0.239906
0.544827
0.096658
0.999468
0.965430
0.726960
0.173845
0.961280
0.725330
0.536784
0.258841
0.210028
0.892321
0.830824
1.001039
0.049470
0.081420
0.383535
0.178085
0.731322
0.438819
0.294278
0.783650
0.895410
0.056588
0.837719
0.546056
0.394430
0.333811
0.105539
0.666294
0.590339
0.707046
0.158686
0.688256
0.788049
0.955859
0.722907
0.954595
0.461628
0.467708
0.165607
0.150739
0.517540
0.687834
0.039250
0.522421
0.735074
0.804806
0.260002
0.700933
0.454770
0.281936
0.184025
0.813144
0.275055
0.397722
0.642394
0.022282
0.419764
0.921801
0.179200
0.430796
0.379520
0.824278
0.757457
0.659299
0.991366
0.760507
0.914386
0.763241
0.300715
0.032660
0.061540
0.168216
0.994992
0.730068
0.057517
0.413196
0.277494
0.296721
0.517172
0.471459
0.536477
0.957061
0.295965
0.133978
0.956021
0.957092
0.410179
0.216529
0.022541
0.247188
0.071266
0.224905
0.265210
0.662153
0.259131
0.578454
0.861327
0.216346
0.041747
0.209074
0.587779
0.492666
0.638794
0.918133
0.293532
0.769865
0.210080
0.050200
0.597928
0.713397
0.323217
0.944861
0.500952
0.457604
0.781786
0.171333
0.679947
0.646353
0.610257
0.369084
0.179289
0.459371
0.556474
0.085260
0.519345
0.641117
0.406045
0.011747
0.226863
0.601763
0.469520
0.818364
0.493188
0.635366
0.064600
0.801963
0.873753
0.847504
0.923383
0.661266
0.643785
0.273046
0.859851
0.238997
0.130900
0.607439
0.008848
0.474169
0.825080
0.293751
0.836731
0.045873
0.446712
0.062417
0.770464
0.344004
0.433666
0.273648
0.789309
0.530261
0.842618
0.426760
0.058539
0.484139
0.875358
0.607397
0.293212
0.139228
0.323631
0.451875
0.347038
0.579223
0.741733
0.524493
0.567890
0.051388
0.786253
0.085592
0.803938
0.834777
0.869568
0.572356
0.574304
0.960200
0.487141
0.041455
0.839854
0.390103
0.701576
0.853228
0.535839
0.913380
0.451660
0.220323
0.834189
0.163333
0.196522
0.275911
0.574887
0.741498
0.402502
0.449782
0.656521
0.088776
0.414895
0.771943
0.687340
0.623507
0.218382
0.515946
0.116335
0.046553
0.295868
0.349733
0.279517
0.520911
0.818760
0.522753
0.753664
0.794566
0.178581
0.725840
0.879502
0.752130
0.448112
0.837614
0.351872
0.755158
0.835791
0.274862
0.225340
0.202959
0.353340
0.336781
0.465053
0.721461
0.669953
0.667662
0.020385
0.614875
0.910879
0.935864
0.693530
0.106144
0.161379
0.582083
0.297595
0.807000
0.844533
0.429330
0.454295
0.906891
0.361842
0.434275
0.483701
0.663313
0.810393
0.851410
0.100675
0.964074
0.804325
0.691209
0.460638
0.769346
0.578392
0.284398
0.230622
0.893136
0.407640
0.433161
0.582393
0.106816
0.871079
0.912074
0.310710
0.021116
0.514067
0.489455
0.603766
0.886650
0.951038
0.331995
0.709691
0.666730
0.694284
0.186324
0.088612
0.042274
0.911627
0.499677
0.665037
0.665095
0.557216
0.863351
0.650686
0.840163
0.684219
0.316670
0.598698
0.618529
0.701175
0.965258
0.132153
0.623591
0.234601
0.469857
0.524420
0.575762
0.013951
0.335775
0.884083
0.127679
0.162027
0.502663
0.175622
0.994078
0.919400
0.213355
0.168628
0.635682
0.489582
0.077883
0.954410
0.486712
0.077964
0.806954
0.334957
0.304475
0.602415
0.889208
0.562356
0.683118
0.152109
0.051866
0.603875
0.251202
0.718385
0.887058
0.339859
0.566572
0.353351
0.572714
0.660181
0.407278
0.374629
0.333362
0.483096
0.831146
0.636206
0.380875
0.513619
0.809935
0.689709
0.498284
0.709677
0.355891
0.074890
0.614567
0.897631
0.726394
0.803754
0.011499
0.991300
0.189378
0.099476
0.008650
0.864176
0.015232
0.479164
0.335501
0.594864
0.038461
0.574180
0.873406
0.866032
0.453122
0.721846
0.910592
0.816097
0.869708
0.728199
0.116176
0.473239
0.382503
0.907301
0.120831
0.184679
0.215325
0.325149
0.206929
0.075840
0.861388
0.903057
0.006590
0.079856
0.575171
0.120666
0.290115
0.038560
0.076966
0.666386
0.024781
0.734541
0.580822
0.249865
0.635527
0.775787
0.325987
0.335740
0.895616
0.401477
0.031925
0.296673
0.752589
0.206897
0.399852
0.285024
0.670635
0.520796
0.611377
0.386052
0.304151
0.414597
0.331881
0.333567
0.266685
0.122164
0.505596
0.318659
0.584707
0.432475
0.613109
0.360726
0.795823
0.908779
0.182056
0.290947
0.649813
0.032788
0.301489
0.048817
0.186670
0.291431
0.819091
0.849156
0.295635
0.065410
0.558113
0.672570
0.740111
0.043810
0.626509
0.446773
0.747991
0.084734
0.083368
0.763130
0.816555
0.693803
0.234533
0.577775
0.696683
0.305688
0.706916
0.862772
0.425423
0.583808
0.363999
0.831631
0.951310
0.288168
0.775486
0.993497
0.400369
0.863654
0.996745
0.201338
0.713852
0.864519
0.029561
0.657751
0.227018
0.649851
0.861015
0.387047
0.712227
0.168668
0.528511
0.600088
0.265975
0.065672
0.435462
0.154630
0.978828
0.175781
0.763697
0.846469
0.480580
0.939643
0.249770
0.784588
0.092589
0.543642
0.749742
0.602201
0.184420
0.756974
0.194389
0.770075
0.659585
0.673644
0.292127
0.705477
0.528791
0.386665
0.180950
0.008481
0.918666
0.371005
0.106987
0.723923
0.807975
0.297701
0.762242
0.291802
0.801241
0.880916
0.619449
0.382397
0.445722
0.022475
0.734546
0.876278
0.117741
0.634028
0.291746
0.028958
0.667271
0.555087
0.261946
0.216030
0.558532
0.994606
0.705336
0.730632
0.845681
0.190393
0.046568
0.721972
0.386747
0.945033
0.182447
0.683188
0.489142
0.885158
0.316537
0.052149
0.859902
0.076915
0.924866
0.103028
0.151783
0.264093
0.297565
0.719942
0.376519
0.389936
0.832147
0.428317
0.047752
0.470765
0.044058
0.735914
0.477023
0.456118
0.285259
0.403933
0.909718
0.236579
0.798975
0.325497
0.006562
0.257475
0.552565
0.475279
0.848147
0.840648
0.298044
0.180410
0.542447
0.360322
0.947947
0.988745
0.548243
0.272481
0.252514
0.656369
0.407140
0.415445
0.378006
0.565402
0.309642
0.279650
0.697437
0.708841
0.261954
0.832755
0.167772
0.467379
0.447828
0.435052
0.520910
0.344908
0.566625
0.698021
0.478561
0.159750
0.942868
0.204519
0.320158
0.314345
0.737801
0.002840
0.746189
0.157706
0.033195
0.820947
0.775886
0.949007
0.022583
0.961177
0.260821
0.305338
0.368244
0.571284
0.340458
0.960523
0.327301
0.826882
0.899343
0.548874
0.356655
0.942732
0.384043
0.390048
0.993326
0.191351
0.287502
0.428849
0.138668
0.460753
0.665857
0.550731
0.089346
0.903009
0.677420
0.573624
0.809735
0.751842
0.066787
0.841478
0.409881
0.161853
0.473744
0.530441
0.401058
0.340146
0.652532
0.227112
0.842731
0.110955
0.834388
0.307924
0.412267
0.174933
0.116800
0.928091
0.457121
0.117399
0.831307
0.824089
0.070047
0.827302
0.528156
0.568367
0.882396
0.284277
0.758055
0.897730
0.844355
0.491310
0.457166
0.141492
0.187350
0.064728
0.310275
0.835598
0.388815
0.076756
0.059617
0.594958
0.559902
0.048891
0.387586
0.777647
0.932621
0.102204
0.828890
0.869832
0.620530
0.032400
0.171465
0.440365
0.434584
0.549256
0.645428
0.733624
0.195936
0.757892
0.290838
0.281028
0.519056
0.748041
0.793805
0.976430
0.984013
0.317270
0.172393
0.580109
0.124462
0.620789
0.719784
0.536452
0.834882
0.856131
0.444689
0.277574
0.096143
0.821744
0.251719
0.871375
0.655703
0.380739
0.556085
0.015699
0.386528
0.672704
0.342891
0.156323
0.647901
0.391587
0.691075
0.376048
0.700179
0.346988
0.836748
0.746102
0.605354
0.242784
0.894525
0.102182
0.859906
0.578120
0.334779
0.886600
0.413307
0.009583
0.148507
0.580282
0.099776
0.054301
0.510058
0.859221
0.707517
0.417273
0.435737
0.080732
0.598617
0.123142
0.981693
0.950944
0.658855
0.400433
0.839957
0.879064
0.025777
0.697729
0.009245
0.597696
0.004951
0.961980
0.944418
0.957401
0.650287
0.223799
0.529455
0.672236
0.708996
0.077150
0.028883
0.954114
0.125480
0.207160
0.535002
0.483588
0.547519
0.553131
0.433633
0.817089
0.341029
0.564313
0.212237
0.461028
0.810858
0.329524
0.637080
0.187619
0.054951
0.678832
0.486083
0.194058
0.869325
0.220299
1.000665
0.597216
0.932057
0.627438
0.250728
0.575577
0.085389
0.590217
0.568891
0.109488
0.480135
0.041771
0.825854
0.955420
0.560092
0.920318
0.513143
0.710436
0.558925
0.724817
0.447625
0.834125
0.890267
0.505510
0.772696
0.864373
0.707073
0.673706
0.631497
0.859931
0.636434
0.664430
0.638709
0.709989
0.689725
0.970755
0.199013
0.086592
0.002466
0.558635
0.169786
0.268195
0.406141
0.971381
0.842893
0.367853
0.786564
0.092905
0.142638
0.619449
0.025337
0.860972
0.057511
0.877452
0.215818
0.438834
0.238139
0.105838
0.933052
0.322764
0.047549
0.660117
0.225264
0.530342
0.057148
0.160481
0.829022
0.337469
0.354408
0.615856
0.570558
0.262809
0.307776
0.342194
0.501199
0.349850
0.902471
0.261483
0.774408
0.342609
0.626198
0.365134
0.126879
0.502966
0.561789
0.608477
0.192265
0.333865
0.612434
0.513145
0.340806
0.593710
0.233917
0.667912
0.331139
0.156864
0.295384
0.583771
0.190413
0.604602
0.774607
0.999927
0.334829
0.603132
0.014027
0.423993
0.880708
0.890723
0.496221
0.296696
0.603705
0.761799
0.369681
0.395935
0.927078
0.303859
0.625200
0.288568
0.800528
0.420478
0.694576
0.378792
0.763080
0.952164
0.998270
0.708236
0.443763
0.498057
0.682862
0.508072
0.522306
0.577848
0.657419
0.829393
0.642724
0.603827
0.617259
0.126750
0.108225
0.039316
0.257330
0.997552
0.808597
0.138743
0.548055
0.700543
0.530125
0.727580
0.667996
0.209123
0.411716
0.146855
0.328067
0.417109
0.282754
0.770300
0.358429
0.854103
0.071155
0.135588
0.418953
0.111939
0.448033
0.195649
0.834637
0.756645
0.474303
0.129740
0.752324
0.457479
0.620220
0.570947
0.329670
0.112892
0.112288
0.029261
0.097358
0.931611
0.221340
0.782640
0.764685
0.975659
0.407464
0.932011
0.252263
0.729962
0.052159
0.942546
0.805482
0.806049
0.400041
0.342266
0.437450
0.228659
0.805976
0.802883
0.359262
0.032911
0.638021
0.120104
0.285271
0.655219
0.789991
0.728807
0.347964
0.258930
0.945388
0.540495
0.857960
0.088524
0.470268
0.840271
0.326722
0.945033
0.089712
0.321818
0.008464
0.798498
0.586415
0.412114
0.659951
0.227748
0.693234
0.677164
0.481598
0.792692
0.635904
0.768860
0.941047
0.639281
0.746109
0.812665
0.842849
0.742804
0.679248
0.300834
0.110662
0.364419
0.716693
0.194005
0.050743
0.618806
0.991174
0.439662
0.840181
0.111819
0.187621
0.901053
0.954047
0.045651
0.543943
0.824858
0.778715
0.319251
0.343592
0.814663
0.287200
0.189005
0.242979
0.391342
0.522794
0.688736
0.982626
0.354128
0.218284
0.136171
0.079557
0.571964
0.675384
0.898774
0.517313
0.239131
0.625624
0.971294
0.537609
0.320910
0.784625
