Time
0.000000
0.697621
0.893882
0.735504
0.475154
0.126609
0.053798
0.966405
0.044551
0.197826
0.244736
0.730361
0.611897
1.256397
0.505069
0.836848
0.087280
1.006566
0.648845
1.193324
0.689078
1.157550
0.901639
0.585523
0.676953
1.680636
0.243371
0.531634
1.074486
0.612271
0.385449
0.112349
0.704462
0.558378
0.370940
1.099785
0.547596
0.177166
0.310301
0.804341
0.322927
1.322066
0.537673
0.400766
0.513420
0.879745
0.948265
0.536684
1.014140
0.491004
0.948124
0.242526
0.192608
0.872891
1.348208
1.290464
0.357348
0.605595
0.507678
0.285138
0.201970
0.926567
0.556990
0.508284
0.513202
0.141458
0.245114
0.398145
1.186210
0.903491
0.629099
0.280033
0.039120
0.313896
0.341388
0.758540
0.498453
0.108760
0.441801
1.092470
0.844081
0.208105
1.378803
1.030174
1.471788
0.403324
0.582490
0.465644
0.842144
0.291334
0.783997
0.255044
1.415771
0.722421
0.017464
0.857527
0.270094
0.904034
0.483085
0.033733
1.136219
0.073957
0.765484
0.429129
0.008513
0.517590
0.964128
1.442264
0.468014
0.449404
0.302525
0.465796
1.190559
1.314130
0.800674
0.878166
1.260211
0.901287
1.719858
0.289196
2.068481
0.836027
0.269893
0.733325
0.662784
0.044751
0.387473
1.165687
0.017894
0.674076
0.979644
0.330004
0.444674
0.513577
0.929402
0.569782
0.722970
0.273998
0.720710
0.146709
1.076487
0.753374
0.059696
0.901792
0.578594
0.207556
0.796855
0.613506
1.278999
0.835339
0.915049
1.469261
0.267713
0.471621
0.711371
0.982000
0.433671
1.497214
0.350205
0.596794
0.655201
1.192757
1.698275
0.088540
0.515623
0.050814
0.997882
0.557555
0.417923
0.345724
0.701919
0.839270
0.572274
1.014731
0.553432
1.076813
0.385629
1.497745
0.563575
0.481924
0.934697
0.474733
0.449967
0.871396
0.321447
1.610116
0.531681
0.094301
1.200848
0.050625
0.139402
0.421033
0.715030
0.447054
0.485084
1.304475
0.832285
1.562694
0.146783
0.356774
0.197352
0.439428
0.907471
0.729844
0.698534
1.099739
0.333518
1.382833
0.058335
0.401732
0.632910
0.089097
0.839451
0.067586
0.797251
0.343089
0.357414
0.126568
1.065541
1.372843
1.052824
0.620765
0.648659
0.280241
1.774473
0.304478
0.629769
0.455257
0.805830
0.398237
0.626818
1.231523
0.824546
1.054226
0.180964
0.010934
0.267377
0.708974
1.238563
0.267594
0.400791
0.225609
0.427697
1.392010
0.396703
0.253273
0.838959
0.195745
0.439395
0.772778
0.130372
0.248551
0.753620
0.945320
0.159104
0.641967
0.614610
0.216073
0.904286
1.340231
1.045302
0.418495
1.091523
0.599443
1.101363
0.715746
1.053792
1.396775
0.386856
0.798662
0.751854
0.648398
0.925384
1.019911
0.253670
0.340801
0.312512
0.628375
0.432719
0.878120
0.618088
0.764002
0.446835
0.887086
0.812463
0.327635
0.760435
0.277244
0.169843
0.873363
0.559912
1.146301
0.340554
0.156458
0.451679
0.662253
1.051855
1.061925
0.931117
0.776537
0.481929
0.614656
0.206591
0.360329
0.317660
0.534064
0.041510
0.375278
0.251176
0.524418
0.229930
0.117389
1.081237
0.885579
0.893436
0.846082
0.840371
0.690357
0.216607
0.160679
0.498908
1.261052
0.467719
0.353138
0.336815
0.224356
0.286776
1.810041
0.621380
0.670711
0.272043
0.914456
0.959502
0.669278
0.307005
0.711905
0.083169
0.458265
0.703512
0.083383
0.794045
0.332067
0.114826
0.215675
0.751802
0.848872
0.499246
0.571800
0.317149
0.422887
0.230594
1.100441
1.108952
0.401020
0.310314
1.138077
0.463896
0.429576
0.546773
0.383644
0.550788
0.951196
0.620152
1.460017
0.644534
0.341712
0.467205
0.226081
0.442856
0.938819
1.729651
1.287431
0.775190
0.650507
0.360876
0.820410
0.589116
0.699150
0.603599
1.104733
0.828079
1.048488
0.018460
0.233669
0.869251
0.803445
0.980381
0.146701
0.742615
0.758623
0.040059
1.275328
1.243078
0.391707
1.325359
0.912886
0.621596
0.633277
0.756340
1.167465
1.156059
1.127921
0.147420
0.246346
1.437109
0.498491
1.015402
0.522153
0.163352
0.716625
0.793980
0.228660
0.263487
1.026898
0.596420
1.034170
0.550372
1.293506
1.228315
0.631989
0.603703
0.708534
0.624730
0.614610
1.006665
0.833674
0.364968
0.078955
0.538713
0.411240
1.278406
0.945704
0.777772
0.093149
0.359475
0.748274
0.932487
0.470347
0.742723
0.889301
0.597160
0.722282
0.858750
0.266012
0.965650
0.654075
0.571230
0.689648
0.337728
0.336207
0.633584
0.860345
0.075821
0.504434
1.588364
0.330550
0.885584
0.351891
0.682192
0.518624
1.151153
0.765459
0.636555
0.362837
0.326190
0.276691
0.083837
0.250352
0.372501
0.502911
1.081895
0.273241
0.170726
0.712587
1.016694
0.620416
0.084807
0.672034
0.739106
0.203272
0.118582
0.184244
1.257204
0.647516
0.985560
1.048675
0.316313
0.773113
0.252490
0.690334
0.067422
0.349646
0.488316
0.636662
0.364028
0.624479
1.503734
1.663192
0.430152
0.614001
0.926700
1.078227
0.706043
0.777761
1.478088
0.898538
0.126812
0.736456
0.121667
1.353651
0.704522
0.908015
0.352436
0.252690
0.284351
1.358588
1.125307
0.822901
1.143453
0.096555
0.280920
0.012845
0.973784
0.285775
0.722240
0.194677
0.426059
0.204141
0.190190
1.627861
1.017845
0.230678
0.590497
1.103956
0.857456
1.497571
0.749927
0.990667
0.101229
0.536608
0.913277
0.294827
0.918685
0.695406
1.236225
1.507939
1.304860
0.475182
0.702729
0.727162
1.144140
1.025549
0.728810
0.892681
0.087049
0.292774
0.296372
1.558559
0.490662
1.293501
0.536042
1.317988
0.464920
0.595891
0.356695
1.174314
0.763923
1.269872
0.653212
0.264884
0.623731
1.308795
1.321496
1.444882
1.271491
0.413123
0.542648
0.940942
0.100156
0.448370
1.214616
0.387872
0.488788
0.122788
0.719401
0.222630
0.201171
1.275679
1.352052
1.179402
0.754252
0.952020
0.902755
0.217675
0.840622
1.758997
0.471915
0.876622
0.103541
1.212855
0.997749
0.493303
0.271797
0.443166
0.255993
1.032278
1.042784
0.763296
1.308548
0.621659
0.302774
0.552503
1.102918
0.062687
0.500096
0.461040
0.126214
0.338998
0.489517
0.715626
0.657522
0.894103
0.277093
0.321883
0.395179
0.770134
1.494709
0.373225
0.400224
0.601130
0.054462
0.274762
0.197902
0.049546
0.641413
1.346486
0.391019
0.728372
0.252709
0.554914
0.309528
0.627904
0.031335
0.453532
0.416056
0.531193
1.530406
1.169067
0.730961
0.522729
0.664062
0.865488
0.799514
0.616517
0.252225
0.723059
0.388177
0.379506
0.196942
0.772199
0.819402
0.572960
0.610269
0.813039
0.024599
0.426665
0.348205
0.726336
0.711933
0.303219
1.049211
0.046029
0.922245
1.314359
0.333009
0.584953
1.056811
1.029816
1.309804
0.336472
0.842003
0.507816
0.389000
0.330883
0.292248
0.580449
0.616581
0.025501
0.397874
0.730462
0.199752
1.165788
0.352362
0.195163
0.848051
0.256132
1.161480
0.008403
0.638582
0.263509
1.379141
1.140310
0.860500
0.352130
0.624904
0.068128
0.581387
0.658686
0.389250
0.762631
0.420306
0.825323
0.403796
0.356266
0.925311
0.226272
1.656530
0.630780
0.811415
1.139866
0.472551
0.662425
0.193395
0.502717
0.454339
0.988501
0.249083
0.490644
0.765367
0.697506
0.698315
0.580389
1.314782
0.248415
0.158257
0.374836
0.740969
0.623769
0.087724
1.097663
0.983034
0.387662
0.589119
0.297143
0.119735
0.356662
1.145957
0.552383
0.755488
0.379788
0.762708
1.112898
0.048297
1.427812
0.133180
0.207381
1.008110
0.043543
0.685854
0.803270
1.012940
0.519575
1.220806
0.877796
1.043489
0.526709
0.283381
0.251406
0.273623
0.943207
0.754251
1.355647
0.193225
0.140676
0.165147
1.338185
0.944014
0.477938
1.350372
0.113378
0.439486
0.209030
0.224176
0.835640
1.005642
0.717472
0.882485
0.815243
0.165157
1.339621
0.779088
0.547903
0.495517
0.071215
0.326636
1.041475
1.053470
0.417091
0.135951
0.721349
0.642973
0.490875
0.195305
0.335130
0.443778
0.609647
1.086831
1.472885
0.321609
0.458008
0.236849
0.757239
0.972943
0.528928
0.614721
0.077469
0.756357
0.653571
0.100660
0.587734
0.048986
0.160071
0.319567
0.068382
0.616374
0.944224
0.317272
1.163560
1.072221
2.358131
0.804764
0.499144
1.624405
1.046978
0.561860
1.695621
0.907025
0.633907
0.455256
0.244216
1.015763
0.157613
0.485154
1.899818
1.361955
0.074678
0.594479
1.143305
0.303646
1.351307
1.061930
1.639760
0.396237
1.501231
0.709906
0.306450
0.997295
0.689067
0.578369
0.280570
1.432892
1.317400
1.087227
0.393072
1.361010
0.535133
1.822629
0.957916
1.337987
0.272586
0.303598
0.417408
0.140536
1.446669
0.060975
0.029616
0.102014
0.397951
0.607708
1.671274
0.403501
0.500681
0.545235
1.104313
0.656033
1.016165
0.679040
0.061026
0.052597
0.356526
0.258069
0.363604
0.678612
1.143179
0.526780
0.914145
0.165208
0.824786
1.359198
0.102285
0.059508
0.441411
0.666244
0.554415
1.161714
0.322604
1.219035
0.541394
0.383261
0.246295
