1 0.000000000
1 0.006889275
1 0.007812575
1 0.011455114
1 0.013815297
1 0.014048241
1 0.018066670
1 0.018465401
1 0.019510757
1 0.022657757
1 0.023378702
1 0.023585833
1 0.026595833
1 0.029693028
1 0.034039411
1 0.034607103
1 0.035408343
1 0.038407311
1 0.041031643
1 0.042344550
1 0.044642083
1 0.046158742
1 0.047216614
1 0.053076903
1 0.053090962
1 0.056862179
1 0.058115118
1 0.063962646
1 0.065041375
1 0.066032944
1 0.070019037
1 0.077042015
1 0.086277010
1 0.087480216
1 0.089664190
1 0.095344148
1 0.098542758
1 0.100179990
1 0.101600523
1 0.102635384
1 0.105449758
1 0.105572249
1 0.106747201
1 0.109474006
1 0.110308248
1 0.111304029
1 0.116186277
1 0.117442083
1 0.119380978
1 0.122585239
1 0.123783703
1 0.124575991
1 0.125309280
1 0.127334485
1 0.129585966
1 0.129951410
1 0.132219945
1 0.132679949
1 0.133387711
1 0.133467208
1 0.133668697
1 0.137314711
1 0.138356066
1 0.138800004
1 0.140114976
1 0.146790008
1 0.149014860
1 0.149248624
1 0.151527880
1 0.152665494
1 0.153510007
1 0.153756642
1 0.154471744
1 0.159530234
1 0.160024345
1 0.162138773
1 0.163461900
1 0.164616825
1 0.167204368
1 0.169728594
1 0.171984749
1 0.172248291
1 0.172504629
1 0.173498865
1 0.176308401
1 0.179188555
1 0.179783943
1 0.180457366
1 0.180714968
1 0.183304832
1 0.184892040
1 0.185867809
1 0.186924484
1 0.187220191
1 0.190400007
1 0.190740746
1 0.192127002
1 0.193159679
1 0.194096304
1 0.195902544
1 0.196472798
1 0.198074905
1 0.201025936
1 0.201519205
1 0.203308779
1 0.207788720
1 0.209127124
1 0.220583600
1 0.220763226
1 0.221524467
1 0.222202222
1 0.225725287
1 0.237375727
1 0.246300129
1 0.247577134
1 0.248187172
1 0.249271204
1 0.249648843
1 0.249897596
1 0.250717738
1 0.252945001
1 0.253049321
1 0.253487721
1 0.259508725
1 0.260683186
1 0.261021991
1 0.264799645
1 0.268974949
1 0.270415841
1 0.270850717
1 0.270963418
1 0.272668160
1 0.273776822
1 0.275074485
1 0.276082172
1 0.277518683
1 0.281486802
1 0.284225748
1 0.284616971
1 0.286952180
1 0.287704552
1 0.291372956
1 0.291611387
1 0.293100402
1 0.293286125
1 0.294166494
1 0.296289605
1 0.299458137
1 0.299587703
1 0.301923341
1 0.307527722
1 0.307654544
1 0.307724982
1 0.307862808
1 0.311274167
1 0.314057156
1 0.317007674
1 0.320080460
1 0.321523773
1 0.323311860
1 0.324185925
1 0.328322197
1 0.329321156
1 0.336409613
1 0.337023185
1 0.337310352
1 0.337817086
1 0.339701484
1 0.340004738
1 0.342575643
1 0.342784524
1 0.343651726
1 0.346307350
1 0.349408840
1 0.355994996
1 0.357150753
1 0.359040762
1 0.361243337
1 0.362404488
1 0.363465608
1 0.363681751
1 0.364627089
1 0.364952764
1 0.367479554
1 0.376969675
1 0.377313492
1 0.377456117
1 0.379476600
1 0.380906406
1 0.382048011
1 0.382755916
1 0.383524826
1 0.387295368
1 0.387618468
1 0.389038858
1 0.390501147
1 0.392371691
1 0.394126710
1 0.394855669
1 0.395657387
1 0.397654046
1 0.402548654
1 0.402861031
1 0.403255872
1 0.407025687
1 0.410881414
1 0.411418290
1 0.413532123
1 0.413816680
1 0.416506316
1 0.422118463
1 0.424697286
1 0.424883061
1 0.428833804
1 0.429314389
1 0.431634654
1 0.432355989
1 0.432997472
1 0.433875724
1 0.443010143
1 0.449562286
1 0.453991653
1 0.454102076
1 0.454254682
1 0.456671671
1 0.461935328
1 0.468183812
1 0.468635976
1 0.474269392
1 0.474303859
1 0.475866620
1 0.476747633
1 0.477667708
1 0.478021526
1 0.480428730
1 0.483063316
1 0.483192663
1 0.483844914
1 0.483880832
1 0.484325858
1 0.487472722
1 0.493746249
1 0.495200786
1 0.496621718
1 0.504152215
1 0.504630815
1 0.506950720
1 0.508135821
1 0.508239847
1 0.513000788
1 0.513353887
1 0.517668019
1 0.517928217
1 0.517949921
1 0.520067772
1 0.520913290
1 0.522451291
1 0.524351136
1 0.527792314
1 0.529075980
1 0.529528360
1 0.531763455
1 0.531914565
1 0.532373969
1 0.532973775
1 0.535562248
1 0.535726455
1 0.535801700
1 0.538661377
1 0.539251212
1 0.539830307
1 0.543352583
1 0.543600093
1 0.545837184
1 0.547010929
1 0.547232355
1 0.550416696
1 0.551135036
1 0.554483216
1 0.556102810
1 0.556717697
1 0.557115800
1 0.558602713
1 0.558885400
1 0.563403145
1 0.565462892
1 0.568441136
1 0.573517714
1 0.575429295
1 0.575673730
1 0.577233182
1 0.577892705
1 0.578078724
1 0.579177694
1 0.580730393
1 0.581919205
1 0.582877805
1 0.584041067
1 0.584240385
1 0.587389044
1 0.588703644
1 0.591141242
1 0.600836127
1 0.601985241
1 0.604975169
1 0.604994726
1 0.608817190
1 0.609287420
1 0.612620113
1 0.613313197
1 0.622648165
1 0.623247530
1 0.624012994
1 0.624349269
1 0.624849319
1 0.625373598
1 0.626328518
1 0.636567059
1 0.636699252
1 0.638870649
1 0.641267770
1 0.642538968
1 0.644098673
1 0.644489223
1 0.644888584
1 0.645488363
1 0.645618150
1 0.649299108
1 0.650484498
1 0.651032228
1 0.655799218
1 0.656097239
1 0.657170541
1 0.657370285
1 0.658237077
1 0.660065440
1 0.660669803
1 0.664572947
1 0.666018918
1 0.668816826
1 0.669116868
1 0.672663480
1 0.675372457
1 0.676909043
1 0.677043632
1 0.681198059
1 0.681776719
1 0.682647914
1 0.684972372
1 0.685184738
1 0.692499539
1 0.694522653
1 0.700569664
1 0.702480081
1 0.702639306
1 0.704807509
1 0.707319014
1 0.711345357
1 0.712622619
1 0.713419075
1 0.714809242
1 0.715001163
1 0.715532020
1 0.716413961
1 0.721159167
1 0.721644778
1 0.723956785
1 0.724764640
1 0.725501494
1 0.727131907
1 0.727495258
1 0.730071585
1 0.735471726
1 0.737817425
1 0.738459983
1 0.738869598
1 0.744723900
1 0.744742606
1 0.747098728
1 0.749381390
1 0.749930143
1 0.751672751
1 0.759319386
1 0.761016439
1 0.762786850
1 0.768560917
1 0.769628426
1 0.770131330
1 0.771948073
1 0.775719938
1 0.776497446
1 0.781411133
1 0.783449118
1 0.783547240
1 0.784333292
1 0.784599378
1 0.784917066
1 0.787228228
1 0.789211890
1 0.791013688
1 0.791828925
1 0.793982568
1 0.795126877
1 0.795399276
1 0.796649240
1 0.798232654
1 0.798690657
1 0.799957474
1 0.802717157
1 0.804939377
1 0.805236978
1 0.806586399
1 0.808826782
1 0.815338278
1 0.815468090
1 0.817542533
1 0.826318117
1 0.826979322
1 0.827416647
1 0.828664644
1 0.831680296
1 0.834870737
1 0.843414742
1 0.851326063
1 0.852967089
1 0.853139491
1 0.854858330
1 0.856258486
1 0.856857382
1 0.862490354
1 0.863204765
1 0.867456478
1 0.872040549
1 0.873115428
1 0.877200300
1 0.880008863
1 0.880495980
1 0.883734073
1 0.883889728
1 0.884034076
1 0.884424483
1 0.884908353
1 0.887104362
1 0.889391332
1 0.889913355
1 0.890484898
1 0.891909346
1 0.893217365
1 0.896767049
1 0.900593533
1 0.901106279
1 0.904839097
1 0.905125083
1 0.911545892
1 0.913322770
1 0.915113161
1 0.916149732
1 0.916368519
1 0.916482501
1 0.918078650
1 0.919218355
1 0.919414078
1 0.919833804
1 0.923379350
1 0.923799871
1 0.924209148
1 0.925946550
1 0.926172641
1 0.926373206
1 0.931388154
1 0.932872074
1 0.946760992
1 0.947385537
1 0.947437990
1 0.948492077
1 0.948567303
1 0.952813099
1 0.953560009
1 0.956962181
1 0.958037154
1 0.960695317
1 0.961138029
1 0.962564097
1 0.962828104
1 0.963399576
1 0.963421148
1 0.965025346
1 0.968642363
1 0.970303727
1 0.974427836
1 0.976907328
1 0.978307804
1 0.979068144
1 0.982614232
1 0.983491479
1 0.983988320
1 0.985227971
1 0.986915932
1 0.989522613
1 0.994529099
1 0.995448310
1 0.995685504
1 0.996132497
1 0.996615930
1 0.997378357
1 0.998454706
