1	1556881778.211093000
2	1556881778.211147000
3	1556881778.211165000
4	1556881778.211180000
5	1556881778.211194000
6	1556881778.217584000
7	1556881778.222773000
8	1556881778.233562000
9	1556881778.243434000
10	1556881778.253434000
11	1556881778.263434000
12	1556881778.273749000
13	1556881778.284026000
14	1556881778.294268000
15	1556881778.304655000
16	1556881778.314966000
17	1556881778.324072000
18	1556881778.334499000
19	1556881778.344774000
20	1556881778.355256000
21	1556881778.364736000
22	1556881778.375202000
23	1556881778.385834000
24	1556881778.395094000
25	1556881778.405537000
26	1556881778.416113000
27	1556881778.425474000
28	1556881778.435869000
29	1556881778.446306000
30	1556881778.455593000
31	1556881778.466185000
32	1556881778.476756000
33	1556881778.486057000
34	1556881778.496662000
35	1556881778.507266000
36	1556881778.516652000
37	1556881778.527182000
38	1556881778.536637000
39	1556881778.547105000
40	1556881778.557583000
41	1556881778.568118000
42	1556881778.577492000
43	1556881778.588148000
44	1556881778.597570000
45	1556881778.607887000
46	1556881778.618311000
47	1556881778.628717000
48	1556881778.638945000
49	1556881778.648166000
50	1556881778.658764000
51	1556881778.669364000
52	1556881778.678666000
53	1556881778.689226000
54	1556881778.699681000
55	1556881778.710204000
56	1556881778.719489000
57	1556881778.729942000
58	1556881778.740401000
59	1556881778.749831000
60	1556881778.760311000
61	1556881778.770740000
62	1556881778.781174000
63	1556881778.790362000
64	1556881778.801192000
65	1556881778.810833000
66	1556881778.820564000
67	1556881778.830583000
68	1556881778.840636000
69	1556881778.851772000
70	1556881778.861830000
71	1556881778.871907000
72	1556881778.882047000
73	1556881778.892210000
74	1556881778.902226000
75	1556881778.912107000
76	1556881778.922338000
77	1556881778.931671000
78	1556881778.942025000
79	1556881778.952242000
80	1556881778.962812000
81	1556881778.973160000
82	1556881778.982508000
83	1556881778.993123000
84	1556881779.003629000
85	1556881779.012842000
86	1556881779.023048000
87	1556881779.033592000
88	1556881779.043165000
89	1556881779.053605000
90	1556881779.064170000
91	1556881779.074610000
92	1556881779.083897000
93	1556881779.094370000
94	1556881779.104815000
95	1556881779.114134000
96	1556881779.124517000
97	1556881779.135035000
98	1556881779.145560000
99	1556881779.155050000
100	1556881779.165757000
101	1556881779.175092000
102	1556881779.185573000
103	1556881779.196291000
104	1556881779.205831000
105	1556881779.216338000
106	1556881779.226855000
107	1556881779.236060000
108	1556881779.246648000
109	1556881779.257186000
110	1556881779.266531000
111	1556881779.276935000
112	1556881779.287667000
113	1556881779.296978000
114	1556881779.307498000
115	1556881779.317984000
116	1556881779.327488000
117	1556881779.338171000
118	1556881779.348578000
119	1556881779.358408000
120	1556881779.368153000
121	1556881779.378112000
122	1556881779.388915000
123	1556881779.398885000
124	1556881779.408679000
125	1556881779.418455000
126	1556881779.428452000
127	1556881779.438574000
128	1556881779.448847000
129	1556881779.459236000
130	1556881779.469470000
131	1556881779.479941000
132	1556881779.490160000
133	1556881779.499494000
134	1556881779.509925000
135	1556881779.520461000
136	1556881779.529820000
137	1556881779.540270000
138	1556881779.550744000
139	1556881779.560095000
140	1556881779.570693000
141	1556881779.581192000
142	1556881779.590553000
143	1556881779.601062000
144	1556881779.611496000
145	1556881779.621873000
146	1556881779.631276000
147	1556881779.641848000
148	1556881779.652320000
149	1556881779.662811000
150	1556881779.671927000
151	1556881779.682888000
152	1556881779.692932000
153	1556881779.702920000
154	1556881779.713011000
155	1556881779.723201000
156	1556881779.732331000
157	1556881779.743501000
158	1556881779.752649000
159	1556881779.763057000
160	1556881779.773184000
161	1556881779.783478000
162	1556881779.793866000
163	1556881779.804133000
164	1556881779.814145000
165	1556881779.824058000
166	1556881779.834491000
167	1556881779.843752000
168	1556881779.853965000
169	1556881779.864229000
170	1556881779.874448000
171	1556881779.884808000
172	1556881779.894916000
173	1556881779.905187000
174	1556881779.915521000
175	1556881779.924731000
176	1556881779.935284000
177	1556881779.945883000
178	1556881779.955904000
179	1556881779.966188000
180	1556881779.975267000
181	1556881779.985377000
182	1556881779.995655000
183	1556881780.005827000
184	1556881780.015999000
185	1556881780.026321000
186	1556881780.036760000
187	1556881780.046206000
188	1556881780.056276000
189	1556881780.067318000
190	1556881780.077280000
191	1556881780.087345000
192	1556881780.097482000
193	1556881780.107695000
194	1556881780.117665000
195	1556881780.127645000
196	1556881780.137724000
197	1556881780.147887000
198	1556881780.157734000
199	1556881780.167935000
200	1556881780.178299000
201	1556881780.188602000
202	1556881780.197849000
203	1556881780.208219000
204	1556881780.218838000
205	1556881780.229074000
206	1556881780.239245000
207	1556881780.248462000
208	1556881780.258559000
209	1556881780.268674000
210	1556881780.278997000
211	1556881780.289219000
212	1556881780.299513000
213	1556881780.309717000
214	1556881780.319985000
215	1556881780.330366000
216	1556881780.339584000
217	1556881780.350105000
218	1556881780.360238000
219	1556881780.370658000
220	1556881780.380073000
221	1556881780.390654000
222	1556881780.401316000
223	1556881780.410550000
224	1556881780.420984000
225	1556881780.431358000
226	1556881780.441937000
227	1556881780.450988000
228	1556881780.461118000
229	1556881780.471591000
230	1556881780.482158000
231	1556881780.492291000
232	1556881780.502508000
233	1556881780.512872000
234	1556881780.522054000
235	1556881780.532424000
236	1556881780.542588000
237	1556881780.552719000
238	1556881780.562772000
239	1556881780.572625000
240	1556881780.582634000
241	1556881780.593794000
242	1556881780.603014000
243	1556881780.613260000
244	1556881780.623695000
245	1556881780.634309000
246	1556881780.643754000
247	1556881780.654319000
248	1556881780.663694000
249	1556881780.674091000
250	1556881780.684509000
251	1556881780.695031000
252	1556881780.704395000
253	1556881780.715036000
254	1556881780.725324000
255	1556881780.735761000
256	1556881780.744989000
257	1556881780.755267000
258	1556881780.765506000
259	1556881780.775898000
260	1556881780.786510000
261	1556881780.796011000
262	1556881780.806635000
263	1556881780.816152000
264	1556881780.826801000
265	1556881780.836227000
266	1556881780.846870000
267	1556881780.857528000
268	1556881780.867021000
269	1556881780.877671000
270	1556881780.887117000
271	1556881780.897736000
272	1556881780.908356000
273	1556881780.917739000
274	1556881780.928337000
275	1556881780.937892000
276	1556881780.948250000
277	1556881780.958427000
278	1556881780.968714000
279	1556881780.979134000
280	1556881780.989662000
281	1556881780.998956000
282	1556881781.009331000
283	1556881781.019910000
284	1556881781.029191000
285	1556881781.039544000
286	1556881781.050149000
287	1556881781.059441000
288	1556881781.069805000
289	1556881781.080235000
290	1556881781.090466000
291	1556881781.100746000
292	1556881781.111225000
293	1556881781.120691000
294	1556881781.131177000
295	1556881781.140636000
296	1556881781.151304000
297	1556881781.162010000
298	1556881781.171497000
299	1556881781.182175000
300	1556881781.191479000
301	1556881781.202076000
302	1556881781.212573000
303	1556881781.221922000
304	1556881781.232561000
305	1556881781.243227000
306	1556881781.252717000
307	1556881781.263378000
308	1556881781.272832000
309	1556881781.283470000
310	1556881781.294014000
311	1556881781.303492000
312	1556881781.314134000
313	1556881781.324200000
314	1556881781.334017000
315	1556881781.343763000
316	1556881781.354636000
317	1556881781.364347000
318	1556881781.374005000
319	1556881781.384067000
320	1556881781.395195000
321	1556881781.404253000
322	1556881781.414392000
323	1556881781.424704000
324	1556881781.434976000
325	1556881781.445118000
326	1556881781.455404000
327	1556881781.465521000
328	1556881781.475663000
329	1556881781.485881000
330	1556881781.496108000
331	1556881781.506562000
332	1556881781.515998000
333	1556881781.526666000
334	1556881781.536188000
335	1556881781.546877000
336	1556881781.556291000
337	1556881781.566941000
338	1556881781.577613000
339	1556881781.587135000
340	1556881781.597292000
341	1556881781.607348000
342	1556881781.617366000
343	1556881781.627204000
344	1556881781.638106000
345	1556881781.647963000
346	1556881781.657806000
347	1556881781.667671000
348	1556881781.677588000
349	1556881781.688547000
350	1556881781.698459000
351	1556881781.708587000
352	1556881781.718689000
353	1556881781.728877000
354	1556881781.738973000
355	1556881781.749077000
356	1556881781.759311000
357	1556881781.769539000
358	1556881781.779648000
359	1556881781.789857000
360	1556881781.799053000
361	1556881781.809450000
362	1556881781.820051000
363	1556881781.829346000
364	1556881781.839761000
365	1556881781.850162000
366	1556881781.860698000
367	1556881781.870044000
368	1556881781.880703000
369	1556881781.891412000
370	1556881781.900752000
371	1556881781.911483000
372	1556881781.920983000
373	1556881781.931662000
374	1556881781.941136000
375	1556881781.951775000
376	1556881781.962431000
377	1556881781.971801000
378	1556881781.982189000
379	1556881781.992764000
380	1556881782.002171000
381	1556881782.012699000
382	1556881782.023280000
383	1556881782.032733000
384	1556881782.043333000
385	1556881782.052750000
386	1556881782.063356000
387	1556881782.074079000
388	1556881782.083584000
389	1556881782.094112000
390	1556881782.103449000
391	1556881782.113739000
392	1556881782.123810000
393	1556881782.134133000
394	1556881782.144384000
395	1556881782.154740000
396	1556881782.164806000
397	1556881782.174957000
398	1556881782.184255000
399	1556881782.195337000
400	1556881782.204618000
401	1556881782.215053000
402	1556881782.225285000
403	1556881782.235742000
404	1556881782.245103000
405	1556881782.255695000
406	1556881782.266338000
407	1556881782.275660000
408	1556881782.286259000
409	1556881782.296714000
410	1556881782.306062000
411	1556881782.316713000
412	1556881782.327332000
413	1556881782.336828000
414	1556881782.347404000
415	1556881782.356782000
416	1556881782.367007000
417	1556881782.377320000
418	1556881782.387588000
419	1556881782.397786000
420	1556881782.408084000
421	1556881782.418708000
422	1556881782.427799000
423	1556881782.438414000
424	1556881782.448797000
425	1556881782.459212000
426	1556881782.468520000
427	1556881782.478831000
428	1556881782.489211000
429	1556881782.499656000
430	1556881782.508801000
431	1556881782.518957000
432	1556881782.529101000
433	1556881782.539526000
434	1556881782.549743000
435	1556881782.560025000
436	1556881782.570377000
437	1556881782.580662000
438	1556881782.589958000
439	1556881782.600292000
440	1556881782.610531000
441	1556881782.620479000
442	1556881782.630401000
443	1556881782.641420000
444	1556881782.651506000
445	1556881782.661406000
446	1556881782.671460000
447	1556881782.681451000
448	1556881782.691629000
449	1556881782.701451000
450	1556881782.711455000
451	1556881782.721753000
452	1556881782.732038000
453	1556881782.742326000
454	1556881782.752451000
455	1556881782.762585000
456	1556881782.772750000
457	1556881782.781944000
458	1556881782.792229000
459	1556881782.802763000
460	1556881782.813103000
461	1556881782.823580000
462	1556881782.832735000
463	1556881782.842884000
464	1556881782.853431000
465	1556881782.863911000
466	1556881782.873306000
467	1556881782.883833000
468	1556881782.894495000
469	1556881782.903876000
470	1556881782.914391000
471	1556881782.924738000
472	1556881782.935268000
473	1556881782.944762000
474	1556881782.955241000
475	1556881782.965575000
476	1556881782.974964000
477	1556881782.985270000
478	1556881782.995589000
479	1556881783.005765000
480	1556881783.016074000
481	1556881783.025395000
482	1556881783.035947000
483	1556881783.046443000
484	1556881783.055658000
485	1556881783.065987000
486	1556881783.076513000
487	1556881783.086956000
488	1556881783.096332000
489	1556881783.106846000
490	1556881783.117251000
491	1556881783.126541000
492	1556881783.136625000
493	1556881783.146665000
494	1556881783.156894000
495	1556881783.166711000
496	1556881783.177822000
497	1556881783.188137000
498	1556881783.197219000
499	1556881783.207524000
500	1556881783.217901000
501	1556881783.228114000
502	1556881783.238446000
503	1556881783.248848000
504	1556881783.258323000
505	1556881783.268946000
506	1556881783.278468000
507	1556881783.289119000
508	1556881783.299885000
509	1556881783.309318000
510	1556881783.319782000
511	1556881783.329108000
512	1556881783.339591000
513	1556881783.350131000
514	1556881783.360725000
515	1556881783.370120000
516	1556881783.380632000
517	1556881783.391066000
518	1556881783.400480000
519	1556881783.411120000
520	1556881783.420419000
521	1556881783.430827000
522	1556881783.441428000
523	1556881783.450815000
524	1556881783.461337000
525	1556881783.471787000
526	1556881783.481269000
527	1556881783.491925000
528	1556881783.502558000
529	1556881783.511955000
530	1556881783.522534000
531	1556881783.532052000
532	1556881783.542697000
533	1556881783.553353000
534	1556881783.562817000
535	1556881783.573498000
536	1556881783.582995000
537	1556881783.593607000
538	1556881783.603181000
539	1556881783.613522000
540	1556881783.623658000
541	1556881783.633998000
542	1556881783.644061000
543	1556881783.654269000
544	1556881783.664406000
545	1556881783.674858000
546	1556881783.684298000
547	1556881783.694823000
548	1556881783.705328000
549	1556881783.715669000
550	1556881783.725040000
551	1556881783.735615000
552	1556881783.746247000
553	1556881783.755706000
554	1556881783.766349000
555	1556881783.775806000
556	1556881783.786420000
557	1556881783.797014000
558	1556881783.806422000
559	1556881783.817065000
560	1556881783.827613000
561	1556881783.836975000
562	1556881783.847541000
563	1556881783.858101000
564	1556881783.867475000
565	1556881783.877978000
566	1556881783.888494000
567	1556881783.897858000
568	1556881783.908296000
569	1556881783.918780000
570	1556881783.928221000
571	1556881783.938761000
572	1556881783.949382000
573	1556881783.958753000
574	1556881783.969287000
575	1556881783.979949000
576	1556881783.989450000
577	1556881783.999987000
578	1556881784.010544000
579	1556881784.019889000
580	1556881784.030516000
581	1556881784.041046000
582	1556881784.050560000
583	1556881784.061221000
584	1556881784.070679000
585	1556881784.081344000
586	1556881784.090798000
587	1556881784.101448000
588	1556881784.112138000
589	1556881784.121636000
590	1556881784.132304000
591	1556881784.141831000
592	1556881784.152396000
593	1556881784.162811000
594	1556881784.172181000
595	1556881784.182693000
596	1556881784.193332000
597	1556881784.202818000
598	1556881784.213330000
599	1556881784.222882000
600	1556881784.233480000
601	1556881784.244160000
602	1556881784.253642000
603	1556881784.264287000
604	1556881784.273729000
605	1556881784.284307000
606	1556881784.294871000
607	1556881784.304300000
608	1556881784.314904000
609	1556881784.325501000
610	1556881784.334993000
611	1556881784.345646000
612	1556881784.355073000
613	1556881784.365715000
614	1556881784.376375000
615	1556881784.385867000
616	1556881784.396520000
617	1556881784.405886000
618	1556881784.416837000
619	1556881784.426865000
620	1556881784.436649000
621	1556881784.446317000
622	1556881784.457027000
623	1556881784.466675000
624	1556881784.476318000
625	1556881784.487035000
626	1556881784.496703000
627	1556881784.506373000
628	1556881784.517417000
629	1556881784.527619000
630	1556881784.537794000
631	1556881784.547959000
632	1556881784.557040000
633	1556881784.567267000
634	1556881784.577558000
635	1556881784.587852000
636	1556881784.598137000
637	1556881784.608408000
638	1556881784.618694000
639	1556881784.628980000
640	1556881784.638093000
641	1556881784.648272000
642	1556881784.658422000
643	1556881784.669504000
644	1556881784.679487000
645	1556881784.688625000
646	1556881784.698890000
647	1556881784.709138000
648	1556881784.719261000
649	1556881784.729583000
650	1556881784.739997000
651	1556881784.750552000
652	1556881784.759980000
653	1556881784.770577000
654	1556881784.780072000
655	1556881784.790649000
656	1556881784.801234000
657	1556881784.810635000
658	1556881784.821314000
659	1556881784.831966000
660	1556881784.841418000
661	1556881784.852046000
662	1556881784.861468000
663	1556881784.872059000
664	1556881784.882670000
665	1556881784.892158000
666	1556881784.902796000
667	1556881784.912237000
668	1556881784.922863000
669	1556881784.933419000
670	1556881784.942861000
671	1556881784.953464000
672	1556881784.964050000
673	1556881784.973502000
674	1556881784.984155000
675	1556881784.993609000
676	1556881785.004196000
677	1556881785.014846000
678	1556881785.024336000
679	1556881785.034988000
680	1556881785.044447000
681	1556881785.055088000
682	1556881785.065667000
683	1556881785.075157000
684	1556881785.085842000
685	1556881785.095296000
686	1556881785.105932000
687	1556881785.116550000
688	1556881785.126013000
689	1556881785.136664000
690	1556881785.146120000
691	1556881785.156786000
692	1556881785.167468000
693	1556881785.176783000
694	1556881785.186882000
695	1556881785.196995000
696	1556881785.207130000
697	1556881785.217232000
698	1556881785.227509000
699	1556881785.237933000
700	1556881785.248356000
701	1556881785.257621000
702	1556881785.268058000
703	1556881785.278496000
704	1556881785.288935000
705	1556881785.298245000
706	1556881785.308753000
707	1556881785.319279000
708	1556881785.329857000
709	1556881785.339268000
710	1556881785.349841000
711	1556881785.359230000
712	1556881785.369816000
713	1556881785.380473000
714	1556881785.389917000
715	1556881785.400617000
716	1556881785.411184000
717	1556881785.420729000
718	1556881785.431351000
719	1556881785.440854000
720	1556881785.451553000
721	1556881785.460955000
722	1556881785.471670000
723	1556881785.482397000
724	1556881785.491909000
725	1556881785.502611000
726	1556881785.512177000
727	1556881785.522871000
728	1556881785.532258000
729	1556881785.542850000
730	1556881785.552287000
731	1556881785.562942000
732	1556881785.573608000
733	1556881785.583107000
734	1556881785.593771000
735	1556881785.603272000
736	1556881785.613910000
737	1556881785.623421000
738	1556881785.634062000
739	1556881785.644728000
740	1556881785.654203000
741	1556881785.664840000
742	1556881785.674306000
743	1556881785.684909000
744	1556881785.695426000
745	1556881785.704616000
746	1556881785.714782000
747	1556881785.725066000
748	1556881785.735441000
749	1556881785.745856000
750	1556881785.755081000
751	1556881785.765509000
752	1556881785.775949000
753	1556881785.786377000
754	1556881785.795680000
755	1556881785.806149000
756	1556881785.816732000
757	1556881785.826163000
758	1556881785.836709000
759	1556881785.847256000
760	1556881785.856671000
761	1556881785.867224000
762	1556881785.877826000
763	1556881785.887166000
764	1556881785.897653000
765	1556881785.908240000
766	1556881785.917732000
767	1556881785.928392000
768	1556881785.939076000
769	1556881785.948512000
770	1556881785.959098000
771	1556881785.968535000
772	1556881785.979206000
773	1556881785.989825000
774	1556881785.999338000
775	1556881786.010050000
776	1556881786.019548000
777	1556881786.030195000
778	1556881786.039634000
779	1556881786.050279000
780	1556881786.060940000
781	1556881786.070470000
782	1556881786.081122000
783	1556881786.090558000
784	1556881786.101201000
785	1556881786.110752000
786	1556881786.121402000
787	1556881786.132062000
788	1556881786.141553000
789	1556881786.152210000
790	1556881786.161679000
791	1556881786.172333000
792	1556881786.181882000
793	1556881786.192533000
794	1556881786.202993000
795	1556881786.212975000
796	1556881786.223050000
797	1556881786.233176000
798	1556881786.243394000
799	1556881786.253638000
800	1556881786.263867000
801	1556881786.272961000
802	1556881786.283159000
803	1556881786.293383000
804	1556881786.303696000
805	1556881786.314046000
806	1556881786.324504000
807	1556881786.335040000
808	1556881786.344435000
809	1556881786.355054000
810	1556881786.364456000
811	1556881786.375059000
812	1556881786.385675000
813	1556881786.395115000
814	1556881786.405716000
815	1556881786.416338000
816	1556881786.425815000
817	1556881786.436434000
818	1556881786.445855000
819	1556881786.456481000
820	1556881786.467135000
821	1556881786.476658000
822	1556881786.487350000
823	1556881786.496865000
824	1556881786.507526000
825	1556881786.517008000
826	1556881786.527617000
827	1556881786.538267000
828	1556881786.547741000
829	1556881786.558392000
830	1556881786.567912000
831	1556881786.578541000
832	1556881786.589189000
833	1556881786.598670000
834	1556881786.609323000
835	1556881786.618781000
836	1556881786.629301000
837	1556881786.639914000
838	1556881786.649377000
839	1556881786.659781000
840	1556881786.670004000
841	1556881786.680309000
842	1556881786.690697000
843	1556881786.700091000
844	1556881786.710446000
845	1556881786.720398000
846	1556881786.730500000
847	1556881786.740667000
848	1556881786.750889000
849	1556881786.761200000
850	1556881786.771470000
851	1556881786.781723000
852	1556881786.791706000
853	1556881786.801826000
854	1556881786.812055000
855	1556881786.822303000
856	1556881786.831493000
857	1556881786.841975000
858	1556881786.852401000
859	1556881786.861824000
860	1556881786.872342000
861	1556881786.882808000
862	1556881786.893314000
863	1556881786.902687000
864	1556881786.913081000
865	1556881786.923536000
866	1556881786.932918000
867	1556881786.943499000
868	1556881786.954157000
869	1556881786.963673000
870	1556881786.974372000
871	1556881786.983855000
872	1556881786.994543000
873	1556881787.005186000
874	1556881787.014690000
875	1556881787.025367000
876	1556881787.034870000
877	1556881787.045510000
878	1556881787.054988000
879	1556881787.065644000
880	1556881787.076308000
881	1556881787.085854000
882	1556881787.096518000
883	1556881787.105944000
884	1556881787.116563000
885	1556881787.127165000
886	1556881787.136670000
887	1556881787.147343000
888	1556881787.156887000
889	1556881787.167555000
890	1556881787.177025000
891	1556881787.187690000
892	1556881787.198368000
893	1556881787.207676000
894	1556881787.217981000
895	1556881787.228507000
896	1556881787.237830000
897	1556881787.248391000
898	1556881787.258769000
899	1556881787.268967000
900	1556881787.279200000
901	1556881787.288326000
902	1556881787.298792000
903	1556881787.309361000
904	1556881787.318812000
905	1556881787.329439000
906	1556881787.340072000
907	1556881787.349536000
908	1556881787.360164000
909	1556881787.370637000
910	1556881787.380104000
911	1556881787.390724000
912	1556881787.400193000
913	1556881787.410782000
914	1556881787.421432000
915	1556881787.430897000
916	1556881787.441501000
917	1556881787.452166000
918	1556881787.461649000
919	1556881787.472225000
920	1556881787.481665000
921	1556881787.492257000
922	1556881787.502896000
923	1556881787.512386000
924	1556881787.523017000
925	1556881787.532474000
926	1556881787.543131000
927	1556881787.552654000
928	1556881787.563289000
929	1556881787.573981000
930	1556881787.583496000
931	1556881787.594152000
932	1556881787.603606000
933	1556881787.614174000
934	1556881787.624803000
935	1556881787.634284000
936	1556881787.644939000
937	1556881787.654404000
938	1556881787.665046000
939	1556881787.675683000
940	1556881787.685117000
941	1556881787.695718000
942	1556881787.705146000
943	1556881787.715191000
944	1556881787.725448000
945	1556881787.735917000
946	1556881787.746491000
947	1556881787.755776000
948	1556881787.766281000
949	1556881787.776658000
950	1556881787.787165000
951	1556881787.796388000
952	1556881787.807003000
953	1556881787.817643000
954	1556881787.827080000
955	1556881787.837710000
956	1556881787.847127000
957	1556881787.857759000
958	1556881787.868385000
959	1556881787.877817000
960	1556881787.888466000
961	1556881787.899088000
962	1556881787.908567000
963	1556881787.919189000
964	1556881787.928654000
965	1556881787.939293000
966	1556881787.948820000
967	1556881787.959490000
968	1556881787.970131000
969	1556881787.979646000
970	1556881787.990256000
971	1556881787.999707000
972	1556881788.010315000
973	1556881788.020966000
974	1556881788.030397000
975	1556881788.040954000
976	1556881788.051537000
977	1556881788.061025000
978	1556881788.071630000
979	1556881788.081093000
980	1556881788.091739000
981	1556881788.102372000
982	1556881788.111829000
983	1556881788.122471000
984	1556881788.131909000
985	1556881788.142529000
986	1556881788.153164000
987	1556881788.162613000
988	1556881788.173256000
989	1556881788.182699000
990	1556881788.193345000
991	1556881788.203987000
992	1556881788.213020000
993	1556881788.223597000
994	1556881788.234185000
995	1556881788.243609000
996	1556881788.254253000
997	1556881788.264907000
998	1556881788.274400000
999	1556881788.284694000
1000	1556881788.294639000
