1	1556881646.588952000
2	1556881646.598202000
3	1556881646.608718000
4	1556881646.618701000
5	1556881646.623859000
6	1556881646.638728000
7	1556881646.648716000
8	1556881646.653898000
9	1556881646.668837000
10	1556881646.678770000
11	1556881646.683959000
12	1556881646.698781000
13	1556881646.708856000
14	1556881646.718860000
15	1556881646.724044000
16	1556881646.738864000
17	1556881646.748844000
18	1556881646.754000000
19	1556881646.768880000
20	1556881646.779918000
21	1556881646.789925000
22	1556881646.799931000
23	1556881646.809939000
24	1556881646.819954000
25	1556881646.829959000
26	1556881646.839981000
27	1556881646.849995000
28	1556881646.860007000
29	1556881646.869992000
30	1556881646.880002000
31	1556881646.890019000
32	1556881646.900038000
33	1556881646.910011000
34	1556881646.920028000
35	1556881646.931143000
36	1556881646.941150000
37	1556881646.951166000
38	1556881646.961239000
39	1556881646.971231000
40	1556881646.981287000
41	1556881646.991339000
42	1556881647.001408000
43	1556881647.011421000
44	1556881647.021450000
45	1556881647.031419000
46	1556881647.041437000
47	1556881647.052616000
48	1556881647.061629000
49	1556881647.072578000
50	1556881647.082781000
51	1556881647.092815000
52	1556881647.102794000
53	1556881647.112786000
54	1556881647.122903000
55	1556881647.132994000
56	1556881647.142987000
57	1556881647.153050000
58	1556881647.163117000
59	1556881647.173152000
60	1556881647.183244000
61	1556881647.193258000
62	1556881647.204269000
63	1556881647.214338000
64	1556881647.224575000
65	1556881647.234566000
66	1556881647.244615000
67	1556881647.254662000
68	1556881647.264687000
69	1556881647.274834000
70	1556881647.284872000
71	1556881647.294886000
72	1556881647.304932000
73	1556881647.314966000
74	1556881647.324977000
75	1556881647.335131000
76	1556881647.345116000
77	1556881647.355156000
78	1556881647.365267000
79	1556881647.376435000
80	1556881647.385560000
81	1556881647.396629000
82	1556881647.405811000
83	1556881647.416299000
84	1556881647.426832000
85	1556881647.437456000
86	1556881647.446917000
87	1556881647.457423000
88	1556881647.467867000
89	1556881647.477337000
90	1556881647.487924000
91	1556881647.498556000
92	1556881647.507987000
93	1556881647.518490000
94	1556881647.528003000
95	1556881647.538741000
96	1556881647.549263000
97	1556881647.558455000
98	1556881647.568559000
99	1556881647.578667000
100	1556881647.588766000
101	1556881647.598805000
102	1556881647.609702000
103	1556881647.619797000
104	1556881647.630113000
105	1556881647.639305000
106	1556881647.649656000
107	1556881647.659876000
108	1556881647.670320000
109	1556881647.680811000
110	1556881647.690079000
111	1556881647.700718000
112	1556881647.710661000
113	1556881647.721500000
114	1556881647.731196000
115	1556881647.741163000
116	1556881647.751171000
117	1556881647.761253000
118	1556881647.771140000
119	1556881647.781283000
120	1556881647.791456000
121	1556881647.801773000
122	1556881647.812114000
123	1556881647.822561000
124	1556881647.831862000
125	1556881647.842458000
126	1556881647.853032000
127	1556881647.862428000
128	1556881647.872861000
129	1556881647.883515000
130	1556881647.892925000
131	1556881647.903496000
132	1556881647.914057000
133	1556881647.923494000
134	1556881647.934114000
135	1556881647.943538000
136	1556881647.954632000
137	1556881647.963965000
138	1556881647.974465000
139	1556881647.984964000
140	1556881647.994273000
141	1556881648.004783000
142	1556881648.015298000
143	1556881648.024639000
144	1556881648.035123000
145	1556881648.045664000
146	1556881648.055098000
147	1556881648.065848000
148	1556881648.076573000
149	1556881648.086058000
150	1556881648.096741000
151	1556881648.106158000
152	1556881648.116826000
153	1556881648.126346000
154	1556881648.137046000
155	1556881648.147778000
156	1556881648.157361000
157	1556881648.168044000
158	1556881648.177487000
159	1556881648.188211000
160	1556881648.197694000
161	1556881648.208300000
162	1556881648.218774000
163	1556881648.228537000
164	1556881648.238213000
165	1556881648.248293000
166	1556881648.258426000
167	1556881648.268506000
168	1556881648.278469000
169	1556881648.289428000
170	1556881648.298573000
171	1556881648.308716000
172	1556881648.319735000
173	1556881648.329890000
174	1556881648.340061000
175	1556881648.349206000
176	1556881648.359453000
177	1556881648.369741000
178	1556881648.380197000
179	1556881648.390818000
180	1556881648.400195000
181	1556881648.410730000
182	1556881648.421345000
183	1556881648.430776000
184	1556881648.441399000
185	1556881648.450810000
186	1556881648.461777000
187	1556881648.472137000
188	1556881648.481476000
189	1556881648.491980000
190	1556881648.502593000
191	1556881648.512058000
192	1556881648.522474000
193	1556881648.533006000
194	1556881648.542508000
195	1556881648.553126000
196	1556881648.563716000
197	1556881648.573145000
198	1556881648.583707000
199	1556881648.593226000
200	1556881648.603977000
201	1556881648.614568000
202	1556881648.623999000
203	1556881648.634523000
204	1556881648.645055000
205	1556881648.654440000
206	1556881648.665039000
207	1556881648.674499000
208	1556881648.685505000
209	1556881648.694706000
210	1556881648.705115000
211	1556881648.715611000
212	1556881648.726244000
213	1556881648.736184000
214	1556881648.745896000
215	1556881648.755839000
216	1556881648.766026000
217	1556881648.776279000
218	1556881648.786584000
219	1556881648.796870000
220	1556881648.806965000
221	1556881648.816805000
222	1556881648.826778000
223	1556881648.836776000
224	1556881648.846800000
225	1556881648.856793000
226	1556881648.866763000
227	1556881648.876786000
228	1556881648.886829000
229	1556881648.896843000
230	1556881648.906938000
231	1556881648.917059000
232	1556881648.927184000
233	1556881648.937386000
234	1556881648.947638000
235	1556881648.957864000
236	1556881648.968093000
237	1556881648.978247000
238	1556881648.988637000
239	1556881648.998420000
240	1556881649.008174000
241	1556881649.019015000
242	1556881649.028818000
243	1556881649.038692000
244	1556881649.048824000
245	1556881649.058956000
246	1556881649.069059000
247	1556881649.079203000
248	1556881649.089349000
249	1556881649.099506000
250	1556881649.109668000
251	1556881649.119796000
252	1556881649.130018000
253	1556881649.140255000
254	1556881649.150527000
255	1556881649.159683000
256	1556881649.169956000
257	1556881649.180179000
258	1556881649.190454000
259	1556881649.200726000
260	1556881649.211027000
261	1556881649.221337000
262	1556881649.230683000
263	1556881649.240964000
264	1556881649.250842000
265	1556881649.261603000
266	1556881649.271265000
267	1556881649.281391000
268	1556881649.291522000
269	1556881649.301775000
270	1556881649.311581000
271	1556881649.321720000
272	1556881649.331942000
273	1556881649.342381000
274	1556881649.352990000
275	1556881649.362495000
276	1556881649.373034000
277	1556881649.382395000
278	1556881649.392871000
279	1556881649.403481000
280	1556881649.412993000
281	1556881649.423529000
282	1556881649.434144000
283	1556881649.443608000
284	1556881649.454232000
285	1556881649.464832000
286	1556881649.474141000
287	1556881649.484646000
288	1556881649.495251000
289	1556881649.504681000
290	1556881649.515209000
291	1556881649.525775000
292	1556881649.535119000
293	1556881649.545768000
294	1556881649.555220000
295	1556881649.566365000
296	1556881649.576421000
297	1556881649.585527000
298	1556881649.596702000
299	1556881649.605753000
300	1556881649.616892000
301	1556881649.625987000
302	1556881649.636998000
303	1556881649.646174000
304	1556881649.657223000
305	1556881649.666432000
306	1556881649.677432000
307	1556881649.686766000
308	1556881649.697325000
309	1556881649.707868000
310	1556881649.717323000
311	1556881649.728116000
312	1556881649.738727000
313	1556881649.748165000
314	1556881649.758373000
315	1556881649.768284000
316	1556881649.777918000
317	1556881649.788581000
318	1556881649.798709000
319	1556881649.808572000
320	1556881649.818537000
321	1556881649.828567000
322	1556881649.838707000
323	1556881649.849123000
324	1556881649.859513000
325	1556881649.869782000
326	1556881649.879257000
327	1556881649.889955000
328	1556881649.900580000
329	1556881649.909986000
330	1556881649.920608000
331	1556881649.930051000
332	1556881649.940235000
333	1556881649.951162000
334	1556881649.961533000
335	1556881649.970696000
336	1556881649.981150000
337	1556881649.991584000
338	1556881650.002000000
339	1556881650.011397000
340	1556881650.022045000
341	1556881650.032733000
342	1556881650.042188000
343	1556881650.052789000
344	1556881650.062179000
345	1556881650.072817000
346	1556881650.083516000
347	1556881650.092960000
348	1556881650.103548000
349	1556881650.112956000
350	1556881650.124020000
351	1556881650.134259000
352	1556881650.143456000
353	1556881650.153830000
354	1556881650.164334000
355	1556881650.174688000
356	1556881650.184115000
357	1556881650.194644000
358	1556881650.205296000
359	1556881650.214729000
360	1556881650.225384000
361	1556881650.234910000
362	1556881650.245640000
363	1556881650.255094000
364	1556881650.265728000
365	1556881650.275585000
366	1556881650.285674000
367	1556881650.295623000
368	1556881650.305711000
369	1556881650.315556000
370	1556881650.326256000
371	1556881650.336377000
372	1556881650.346633000
373	1556881650.356976000
374	1556881650.366170000
375	1556881650.376305000
376	1556881650.387154000
377	1556881650.397373000
378	1556881650.406663000
379	1556881650.417573000
380	1556881650.427916000
381	1556881650.437183000
382	1556881650.448214000
383	1556881650.457345000
384	1556881650.467883000
385	1556881650.478446000
386	1556881650.487816000
387	1556881650.498588000
388	1556881650.509199000
389	1556881650.518509000
390	1556881650.529025000
391	1556881650.539517000
392	1556881650.548885000
393	1556881650.559496000
394	1556881650.568876000
395	1556881650.579045000
396	1556881650.590084000
397	1556881650.600396000
398	1556881650.609566000
399	1556881650.620332000
400	1556881650.630579000
401	1556881650.640741000
402	1556881650.650853000
403	1556881650.660863000
404	1556881650.670087000
405	1556881650.681053000
406	1556881650.691152000
407	1556881650.700450000
408	1556881650.711505000
409	1556881650.720649000
410	1556881650.731752000
411	1556881650.741534000
412	1556881650.751570000
413	1556881650.761585000
414	1556881650.771778000
415	1556881650.781730000
416	1556881650.791510000
417	1556881650.802268000
418	1556881650.812002000
419	1556881650.821938000
420	1556881650.831855000
421	1556881650.841810000
422	1556881650.852553000
423	1556881650.862354000
424	1556881650.872155000
425	1556881650.882912000
426	1556881650.892583000
427	1556881650.902271000
428	1556881650.913395000
429	1556881650.922576000
430	1556881650.932910000
431	1556881650.942777000
432	1556881650.952818000
433	1556881650.963671000
434	1556881650.973540000
435	1556881650.983405000
436	1556881650.993435000
437	1556881651.003851000
438	1556881651.013762000
439	1556881651.023717000
440	1556881651.034738000
441	1556881651.044531000
442	1556881651.054344000
443	1556881651.064201000
444	1556881651.074257000
445	1556881651.084373000
446	1556881651.094482000
447	1556881651.104722000
448	1556881651.115091000
449	1556881651.125526000
450	1556881651.135972000
451	1556881651.145207000
452	1556881651.156182000
453	1556881651.166171000
454	1556881651.176400000
455	1556881651.186662000
456	1556881651.195930000
457	1556881651.206393000
458	1556881651.216885000
459	1556881651.226130000
460	1556881651.236210000
461	1556881651.247141000
462	1556881651.257398000
463	1556881651.266536000
464	1556881651.277457000
465	1556881651.287552000
466	1556881651.297414000
467	1556881651.307180000
468	1556881651.316999000
469	1556881651.327839000
470	1556881651.337731000
471	1556881651.347872000
472	1556881651.358107000
473	1556881651.368463000
474	1556881651.378534000
475	1556881651.387838000
476	1556881651.398358000
477	1556881651.408742000
478	1556881651.419289000
479	1556881651.428619000
480	1556881651.439061000
481	1556881651.449559000
482	1556881651.458999000
483	1556881651.469488000
484	1556881651.479898000
485	1556881651.489268000
486	1556881651.500173000
487	1556881651.510213000
488	1556881651.520570000
489	1556881651.529857000
490	1556881651.540167000
491	1556881651.550434000
492	1556881651.560700000
493	1556881651.571097000
494	1556881651.581519000
495	1556881651.590581000
496	1556881651.600602000
497	1556881651.611349000
498	1556881651.621704000
499	1556881651.632158000
500	1556881651.641481000
501	1556881651.651888000
502	1556881651.662284000
503	1556881651.672780000
504	1556881651.682111000
505	1556881651.692264000
506	1556881651.702396000
507	1556881651.712108000
508	1556881651.722644000
509	1556881651.732342000
510	1556881651.743321000
511	1556881651.753210000
512	1556881651.763053000
513	1556881651.772861000
514	1556881651.783771000
515	1556881651.793641000
516	1556881651.803574000
517	1556881651.813291000
518	1556881651.823995000
519	1556881651.833608000
520	1556881651.843266000
521	1556881651.854093000
522	1556881651.863738000
523	1556881651.873391000
524	1556881651.884105000
525	1556881651.893750000
526	1556881651.903786000
527	1556881651.913953000
528	1556881651.924248000
529	1556881651.934496000
530	1556881651.944680000
531	1556881651.954993000
532	1556881651.965272000
533	1556881651.975495000
534	1556881651.984502000
535	1556881651.995333000
536	1556881652.005021000
537	1556881652.014867000
538	1556881652.025539000
539	1556881652.035327000
540	1556881652.045242000
541	1556881652.055289000
542	1556881652.065266000
543	1556881652.076257000
544	1556881652.086127000
545	1556881652.096204000
546	1556881652.106500000
547	1556881652.116483000
548	1556881652.126367000
549	1556881652.136191000
550	1556881652.146248000
551	1556881652.156322000
552	1556881652.166396000
553	1556881652.176692000
554	1556881652.187127000
555	1556881652.197649000
556	1556881652.207065000
557	1556881652.217386000
558	1556881652.227330000
559	1556881652.237200000
560	1556881652.248174000
561	1556881652.257957000
562	1556881652.267735000
563	1556881652.277626000
564	1556881652.287632000
565	1556881652.297736000
566	1556881652.308003000
567	1556881652.318204000
568	1556881652.328655000
569	1556881652.339062000
570	1556881652.349146000
571	1556881652.359171000
572	1556881652.369141000
573	1556881652.379107000
574	1556881652.389100000
575	1556881652.399204000
576	1556881652.409251000
577	1556881652.419038000
578	1556881652.430161000
579	1556881652.439243000
580	1556881652.449537000
581	1556881652.459714000
582	1556881652.470125000
583	1556881652.480680000
584	1556881652.491062000
585	1556881652.500017000
586	1556881652.510781000
587	1556881652.520605000
588	1556881652.530613000
589	1556881652.540556000
590	1556881652.550527000
591	1556881652.561399000
592	1556881652.571592000
593	1556881652.581500000
594	1556881652.591620000
595	1556881652.601733000
596	1556881652.611980000
597	1556881652.621297000
598	1556881652.631675000
599	1556881652.642031000
600	1556881652.652331000
601	1556881652.662660000
602	1556881652.673069000
603	1556881652.682380000
604	1556881652.692852000
605	1556881652.703124000
606	1556881652.713383000
607	1556881652.723816000
608	1556881652.733128000
609	1556881652.744049000
610	1556881652.753968000
611	1556881652.764208000
612	1556881652.773425000
613	1556881652.784539000
614	1556881652.794725000
615	1556881652.803827000
616	1556881652.814857000
617	1556881652.825060000
618	1556881652.834245000
619	1556881652.844420000
620	1556881652.854478000
621	1556881652.865354000
622	1556881652.875083000
623	1556881652.885016000
624	1556881652.894900000
625	1556881652.904830000
626	1556881652.915707000
627	1556881652.925646000
628	1556881652.935519000
629	1556881652.945617000
630	1556881652.955850000
631	1556881652.966174000
632	1556881652.976719000
633	1556881652.985980000
634	1556881652.996442000
635	1556881653.006928000
636	1556881653.016280000
637	1556881653.027081000
638	1556881653.036539000
639	1556881653.046509000
640	1556881653.057592000
641	1556881653.066690000
642	1556881653.077810000
643	1556881653.088112000
644	1556881653.097371000
645	1556881653.107829000
646	1556881653.118256000
647	1556881653.128699000
648	1556881653.137837000
649	1556881653.148453000
650	1556881653.158952000
651	1556881653.168303000
652	1556881653.178978000
653	1556881653.189409000
654	1556881653.198762000
655	1556881653.208777000
656	1556881653.219692000
657	1556881653.229912000
658	1556881653.240149000
659	1556881653.249302000
660	1556881653.259550000
661	1556881653.269489000
662	1556881653.279828000
663	1556881653.290094000
664	1556881653.300166000
665	1556881653.310393000
666	1556881653.320689000
667	1556881653.331096000
668	1556881653.341188000
669	1556881653.351488000
670	1556881653.360916000
671	1556881653.370706000
672	1556881653.381599000
673	1556881653.391618000
674	1556881653.401650000
675	1556881653.411479000
676	1556881653.421491000
677	1556881653.431515000
678	1556881653.442331000
679	1556881653.452371000
680	1556881653.461585000
681	1556881653.472729000
682	1556881653.482932000
683	1556881653.492076000
684	1556881653.502171000
685	1556881653.512483000
686	1556881653.522462000
687	1556881653.532445000
688	1556881653.543219000
689	1556881653.553417000
690	1556881653.563451000
691	1556881653.573691000
692	1556881653.583747000
693	1556881653.593823000
694	1556881653.603755000
695	1556881653.613769000
696	1556881653.624008000
697	1556881653.634301000
698	1556881653.644678000
699	1556881653.653819000
700	1556881653.664352000
701	1556881653.674718000
702	1556881653.685122000
703	1556881653.694395000
704	1556881653.705047000
705	1556881653.715558000
706	1556881653.724827000
707	1556881653.735436000
708	1556881653.745895000
709	1556881653.755302000
710	1556881653.766439000
711	1556881653.775755000
712	1556881653.786179000
713	1556881653.796764000
714	1556881653.806142000
715	1556881653.816748000
716	1556881653.827233000
717	1556881653.837454000
718	1556881653.847521000
719	1556881653.857936000
720	1556881653.866989000
721	1556881653.877293000
722	1556881653.888126000
723	1556881653.897919000
724	1556881653.907818000
725	1556881653.917721000
726	1556881653.927897000
727	1556881653.937976000
728	1556881653.948234000
729	1556881653.958575000
730	1556881653.968923000
731	1556881653.978207000
732	1556881653.989369000
733	1556881653.998747000
734	1556881654.009349000
735	1556881654.018762000
736	1556881654.029888000
737	1556881654.040194000
738	1556881654.049440000
739	1556881654.059927000
740	1556881654.070447000
741	1556881654.079774000
742	1556881654.090316000
743	1556881654.100777000
744	1556881654.110162000
745	1556881654.120824000
746	1556881654.131500000
747	1556881654.140847000
748	1556881654.150832000
749	1556881654.161645000
750	1556881654.171401000
751	1556881654.181155000
752	1556881654.191212000
753	1556881654.201379000
754	1556881654.211546000
755	1556881654.221654000
756	1556881654.232009000
757	1556881654.242185000
758	1556881654.252394000
759	1556881654.262648000
760	1556881654.272958000
761	1556881654.282133000
762	1556881654.292534000
763	1556881654.302953000
764	1556881654.313286000
765	1556881654.323558000
766	1556881654.332834000
767	1556881654.343411000
768	1556881654.353946000
769	1556881654.363429000
770	1556881654.374036000
771	1556881654.383725000
772	1556881654.394160000
773	1556881654.404023000
774	1556881654.414904000
775	1556881654.424721000
776	1556881654.434719000
777	1556881654.444971000
778	1556881654.454160000
779	1556881654.464382000
780	1556881654.474627000
781	1556881654.484777000
782	1556881654.495058000
783	1556881654.505564000
784	1556881654.515989000
785	1556881654.526350000
786	1556881654.535627000
787	1556881654.546103000
788	1556881654.556652000
789	1556881654.565967000
790	1556881654.576660000
791	1556881654.586099000
792	1556881654.597086000
793	1556881654.606350000
794	1556881654.617311000
795	1556881654.627665000
796	1556881654.636856000
797	1556881654.647428000
798	1556881654.658020000
799	1556881654.667495000
800	1556881654.678105000
801	1556881654.688716000
802	1556881654.698118000
803	1556881654.708362000
804	1556881654.718277000
805	1556881654.728099000
806	1556881654.738955000
807	1556881654.749109000
808	1556881654.758327000
809	1556881654.768632000
810	1556881654.778900000
811	1556881654.789305000
812	1556881654.799772000
813	1556881654.809087000
814	1556881654.819579000
815	1556881654.830004000
816	1556881654.840471000
817	1556881654.849815000
818	1556881654.860161000
819	1556881654.870567000
820	1556881654.881024000
821	1556881654.890369000
822	1556881654.900648000
823	1556881654.910828000
824	1556881654.920606000
825	1556881654.931514000
826	1556881654.941449000
827	1556881654.951805000
828	1556881654.961163000
829	1556881654.971735000
830	1556881654.982362000
831	1556881654.991834000
832	1556881655.002467000
833	1556881655.013072000
834	1556881655.022450000
835	1556881655.032936000
836	1556881655.043534000
837	1556881655.052956000
838	1556881655.063468000
839	1556881655.074018000
840	1556881655.083453000
841	1556881655.094059000
842	1556881655.104500000
843	1556881655.113825000
844	1556881655.123885000
845	1556881655.134920000
846	1556881655.143995000
847	1556881655.155179000
848	1556881655.164357000
849	1556881655.175451000
850	1556881655.184613000
851	1556881655.194604000
852	1556881655.205607000
853	1556881655.215943000
854	1556881655.225185000
855	1556881655.235536000
856	1556881655.245956000
857	1556881655.256473000
858	1556881655.265840000
859	1556881655.276329000
860	1556881655.287049000
861	1556881655.296592000
862	1556881655.307227000
863	1556881655.316669000
864	1556881655.327203000
865	1556881655.336784000
866	1556881655.347881000
867	1556881655.357243000
868	1556881655.367654000
869	1556881655.378215000
870	1556881655.387728000
871	1556881655.398537000
872	1556881655.408899000
873	1556881655.418729000
874	1556881655.428622000
875	1556881655.438298000
876	1556881655.448151000
877	1556881655.459150000
878	1556881655.469345000
879	1556881655.478335000
880	1556881655.489280000
881	1556881655.499440000
882	1556881655.509455000
883	1556881655.519476000
884	1556881655.529724000
885	1556881655.539872000
886	1556881655.549895000
887	1556881655.560132000
888	1556881655.569353000
889	1556881655.580235000
890	1556881655.590554000
891	1556881655.600940000
892	1556881655.610242000
893	1556881655.620610000
894	1556881655.630844000
895	1556881655.640720000
896	1556881655.650909000
897	1556881655.661176000
898	1556881655.671518000
899	1556881655.681979000
900	1556881655.691240000
901	1556881655.701767000
902	1556881655.712158000
903	1556881655.721533000
904	1556881655.732256000
905	1556881655.741785000
906	1556881655.751827000
907	1556881655.762867000
908	1556881655.773166000
909	1556881655.782340000
910	1556881655.792754000
911	1556881655.803296000
912	1556881655.812792000
913	1556881655.823520000
914	1556881655.834132000
915	1556881655.843567000
916	1556881655.854159000
917	1556881655.864774000
918	1556881655.874194000
919	1556881655.884789000
920	1556881655.894199000
921	1556881655.905202000
922	1556881655.914367000
923	1556881655.925502000
924	1556881655.935540000
925	1556881655.945338000
926	1556881655.955114000
927	1556881655.965196000
928	1556881655.975347000
929	1556881655.985641000
930	1556881655.996115000
931	1556881656.005428000
932	1556881656.016108000
933	1556881656.026123000
934	1556881656.036451000
935	1556881656.046847000
936	1556881656.056231000
937	1556881656.066813000
938	1556881656.076351000
939	1556881656.087413000
940	1556881656.097714000
941	1556881656.106939000
942	1556881656.117470000
943	1556881656.128086000
944	1556881656.137451000
945	1556881656.148101000
946	1556881656.157651000
947	1556881656.168773000
948	1556881656.177848000
949	1556881656.188782000
950	1556881656.199094000
951	1556881656.208292000
952	1556881656.218720000
953	1556881656.229222000
954	1556881656.239663000
955	1556881656.248909000
956	1556881656.259321000
957	1556881656.269837000
958	1556881656.280355000
959	1556881656.289593000
960	1556881656.300006000
961	1556881656.310494000
962	1556881656.321006000
963	1556881656.330305000
964	1556881656.340783000
965	1556881656.351338000
966	1556881656.360665000
967	1556881656.371335000
968	1556881656.381898000
969	1556881656.391283000
970	1556881656.401869000
971	1556881656.412558000
972	1556881656.422021000
973	1556881656.432711000
974	1556881656.442198000
975	1556881656.452821000
976	1556881656.462326000
977	1556881656.473225000
978	1556881656.482921000
979	1556881656.492841000
980	1556881656.502964000
981	1556881656.512784000
982	1556881656.523421000
983	1556881656.533534000
984	1556881656.543699000
985	1556881656.553982000
986	1556881656.564240000
987	1556881656.574637000
988	1556881656.583957000
989	1556881656.594350000
990	1556881656.604665000
991	1556881656.615183000
992	1556881656.624614000
993	1556881656.635152000
994	1556881656.645634000
995	1556881656.655029000
996	1556881656.665765000
997	1556881656.675160000
998	1556881656.685194000
999	1556881656.696169000
1000	1556881656.706448000
